PHOTOELECTRIC EFFECT LAB - RAW DATA
Date: 2026-04-06 17:49:34
Portland State University Physics Dept.
Photocathode: Material #1
Work Function: 4.3700 eV
Wavelength: 4700 Angstroms
Frequency: 6.378563e+14 Hz
============================================================

Raw Current Data:
----------------------------------------
V_r (V)		I_total (A)		sigma_I (A)
0.00000		1.259564e-13		7.087079e-12
0.00307		8.258390e-13		7.349470e-12
0.00615		-1.231078e-12		6.934699e-12
0.00922		-1.721893e-13		6.538426e-12
0.01229		-1.643110e-13		7.346548e-12
0.01537		-8.799514e-13		6.583483e-12
0.01844		1.796066e-12		6.784384e-12
0.02151		6.303709e-13		7.165127e-12
0.02458		-1.066605e-12		6.494848e-12
0.02766		4.284825e-13		6.601824e-12
0.03073		4.079475e-14		7.118784e-12
0.03380		1.543591e-13		7.065810e-12
0.03688		4.957582e-13		7.366417e-12
0.03995		9.310929e-13		7.399263e-12
0.04302		2.729548e-13		7.070790e-12
0.04610		4.698108e-14		6.962014e-12
0.04917		8.201160e-13		6.690219e-12
0.05224		-2.099870e-13		7.507597e-12
0.05532		7.666570e-13		7.060397e-12
0.05839		-4.406448e-13		7.824683e-12
0.06146		8.805855e-13		7.121226e-12
0.06453		3.012434e-13		7.031555e-12
0.06761		2.104314e-13		6.772880e-12
0.07068		4.694326e-13		6.628192e-12
0.07375		-1.058672e-13		7.014590e-12
0.07683		2.110291e-13		6.825732e-12
0.07990		6.663702e-13		7.458928e-12
0.08297		-3.583506e-13		6.800927e-12
0.08605		-9.954968e-13		6.780899e-12
0.08912		6.104083e-13		7.487224e-12
0.09219		-2.260242e-13		7.160275e-12
0.09527		-1.082203e-13		6.748972e-12
0.09834		6.213154e-13		7.368709e-12
0.10141		-1.150277e-13		6.712026e-12
0.10448		-9.205402e-13		7.400495e-12
0.10756		1.103255e-13		6.806443e-12
0.11063		-1.193190e-12		6.889413e-12
0.11370		-3.195326e-13		6.700237e-12
0.11678		-4.344025e-13		6.605911e-12
0.11985		2.722239e-13		7.071412e-12
0.12292		6.784498e-13		6.999613e-12
0.12600		1.397136e-13		6.907418e-12
0.12907		-5.740401e-13		7.435200e-12
0.13214		6.114583e-13		7.246518e-12
0.13522		1.158035e-13		7.038486e-12
0.13829		-6.818417e-13		6.873752e-12
0.14136		1.203221e-12		6.773450e-12
0.14443		6.821671e-13		7.588198e-12
0.14751		-1.544671e-12		6.448029e-12
0.15058		5.952250e-13		6.418126e-12
0.15365		4.160446e-14		6.964066e-12
0.15673		-4.474990e-14		6.942094e-12
0.15980		-7.223568e-13		7.331786e-12
0.16287		2.108194e-13		6.799362e-12
0.16595		-1.328822e-13		7.200263e-12
0.16902		-1.389014e-12		6.641810e-12
0.17209		-2.863878e-13		7.048475e-12
0.17517		3.298230e-14		6.467060e-12
0.17824		-1.829335e-13		6.272476e-12
0.18131		-3.610696e-13		7.300241e-12
0.18438		-2.030206e-14		7.260336e-12
0.18746		-6.545946e-13		7.501052e-12
0.19053		-1.060224e-12		6.498489e-12
0.19360		-3.267672e-13		7.755264e-12
0.19668		1.196864e-12		7.297541e-12
0.19975		-9.618496e-13		7.323236e-12
0.20282		-9.500638e-13		7.275436e-12
0.20590		-2.389550e-13		6.737040e-12
0.20897		-5.659245e-14		7.547866e-12
0.21204		-1.587885e-13		7.052015e-12
0.21512		-9.981532e-13		7.611518e-12
0.21819		-6.938604e-13		6.786316e-12
0.22126		-3.223733e-13		6.739209e-12
0.22433		-1.659223e-13		7.591809e-12
0.22741		9.187898e-14		6.442402e-12
0.23048		-5.924589e-15		7.454505e-12
0.23355		4.292895e-13		7.033318e-12
0.23663		-3.137873e-13		6.607773e-12
0.23970		-1.268995e-12		6.874813e-12
0.24277		1.279605e-12		7.657622e-12
0.24585		1.076862e-12		7.263163e-12
0.24892		3.671425e-13		7.055016e-12
0.25199		-1.447063e-13		7.859913e-12
0.25507		-2.771755e-13		7.753694e-12
0.25814		1.372831e-12		7.027065e-12
0.26121		-5.956754e-13		6.867716e-12
0.26428		-1.551752e-12		7.203881e-12
0.26736		-3.086263e-13		7.593378e-12
0.27043		-4.537614e-13		6.533251e-12
0.27350		-2.159800e-13		7.108359e-12
0.27658		1.257534e-12		7.241399e-12
0.27965		-2.130773e-13		6.955314e-12
0.28272		2.743271e-13		7.208133e-12
0.28580		3.377940e-13		6.700085e-12
0.28887		-4.061263e-13		7.047297e-12
0.29194		-6.682149e-14		7.195279e-12
0.29502		-3.640383e-14		6.822142e-12
0.29809		1.403492e-13		7.398560e-12
0.30116		1.198881e-12		6.943062e-12
0.30423		-7.432283e-13		6.588631e-12
0.30731		-8.583151e-14		7.340100e-12
0.31038		-4.708706e-13		7.316067e-12
0.31345		-8.685665e-13		7.630784e-12
0.31653		1.544670e-12		6.950246e-12
0.31960		-1.442065e-12		6.929683e-12
0.32267		1.330421e-12		7.347611e-12
0.32575		1.348368e-13		6.678225e-12
0.32882		-3.404814e-13		7.284413e-12
0.33189		6.812215e-13		8.182641e-12
0.33496		-3.298829e-13		7.184350e-12
0.33804		4.109076e-14		7.157929e-12
0.34111		4.015429e-13		7.466155e-12
0.34418		-1.654607e-13		6.541343e-12
0.34726		-3.474132e-14		6.939594e-12
0.35033		8.638045e-13		7.563974e-12
0.35340		7.618840e-13		6.937840e-12
0.35648		-1.082231e-12		7.266766e-12
0.35955		-5.822883e-13		7.151678e-12
0.36262		5.335760e-13		7.209957e-12
0.36570		5.804357e-13		6.608698e-12
0.36877		-3.724606e-13		6.637137e-12
0.37184		-5.101430e-13		7.509763e-12
0.37491		-9.074612e-13		7.039344e-12
0.37799		-2.450018e-13		7.234999e-12
0.38106		-1.184524e-12		6.621574e-12
0.38413		-1.391319e-12		7.203062e-12
0.38721		-2.575431e-13		6.732235e-12
0.39028		2.438339e-14		7.328760e-12
0.39335		-1.034377e-13		6.734697e-12
0.39643		-1.608624e-12		6.885967e-12
0.39950		-7.726976e-13		7.038406e-12
0.40257		3.127652e-14		7.394456e-12
0.40565		1.498321e-14		7.049123e-12
0.40872		-9.967450e-13		8.102051e-12
0.41179		-5.585079e-14		7.029722e-12
0.41486		2.780006e-14		7.141342e-12
0.41794		-8.039951e-13		7.398257e-12
0.42101		-2.391967e-13		6.870537e-12
0.42408		-4.817376e-13		7.210940e-12
0.42716		-7.944558e-13		6.727234e-12
0.43023		-6.698455e-13		7.026126e-12
0.43330		-2.042750e-13		7.035607e-12
0.43638		-1.295278e-12		6.920384e-12
0.43945		3.759359e-15		6.496951e-12
0.44252		-1.040694e-12		7.185353e-12
0.44560		6.776719e-14		6.265086e-12
0.44867		-2.799589e-14		7.123187e-12
0.45174		1.190494e-12		7.236511e-12
0.45481		-9.140944e-13		7.040011e-12
0.45789		7.123970e-13		7.631034e-12
0.46096		-7.764211e-13		7.413951e-12
0.46403		1.059039e-12		6.902439e-12
0.46711		1.097021e-13		6.797374e-12
0.47018		2.036223e-12		7.510705e-12
0.47325		1.122365e-12		6.528461e-12
0.47633		6.813567e-13		6.742767e-12
0.47940		-3.394114e-13		6.951187e-12
0.48247		-8.858709e-13		7.469884e-12
0.48555		-3.292979e-13		7.690879e-12
0.48862		4.445295e-13		7.089359e-12
0.49169		3.515176e-13		6.892417e-12
0.49476		6.610435e-13		6.994150e-12
0.49784		6.589509e-13		7.216671e-12
0.50091		6.629584e-13		6.828168e-12
0.50398		5.181319e-13		7.007366e-12
0.50706		-9.359733e-13		7.129195e-12
0.51013		2.969496e-13		6.996257e-12
0.51320		-2.697629e-13		6.755496e-12
0.51628		-2.525692e-13		6.914187e-12
0.51935		-1.475747e-12		6.329646e-12
0.52242		1.335022e-12		7.835582e-12
0.52550		-4.939295e-13		7.261916e-12
0.52857		-2.067034e-12		6.709141e-12
0.53164		7.745056e-13		6.993935e-12
0.53471		-4.071154e-13		6.644032e-12
0.53779		2.392961e-13		7.038690e-12
0.54086		-2.727808e-13		7.256802e-12
0.54393		-8.319034e-14		7.735984e-12
0.54701		1.056968e-12		6.720392e-12
0.55008		1.659114e-13		6.147703e-12
0.55315		1.491854e-12		6.545660e-12
0.55623		4.538531e-13		7.283006e-12
0.55930		-1.348322e-12		7.351352e-12
0.56237		4.721951e-13		6.835988e-12
0.56545		-4.645664e-13		6.356458e-12
0.56852		-1.810569e-12		7.087444e-12
0.57159		5.938593e-13		6.812807e-12
0.57466		-1.885507e-13		6.404666e-12
0.57774		-6.244725e-14		6.820629e-12
0.58081		4.661637e-13		6.965665e-12
0.58388		-2.426530e-13		7.570989e-12
0.58696		1.162679e-12		6.705025e-12
0.59003		-7.214119e-14		7.399545e-12
0.59310		-4.489062e-13		7.399145e-12
0.59618		5.631867e-13		6.522135e-12
0.59925		-9.746923e-13		7.283912e-12
0.60232		3.748077e-13		7.245976e-12
0.60540		-1.069212e-12		7.061677e-12
0.60847		1.779099e-13		7.056780e-12
0.61154		-6.325488e-13		7.836428e-12
0.61461		3.910868e-13		6.964783e-12
0.61769		-1.827828e-13		6.500395e-12
0.62076		-8.527465e-13		7.612785e-12
0.62383		-3.851332e-13		6.791229e-12
0.62691		7.885994e-13		7.591722e-12
0.62998		8.331679e-13		7.856654e-12
0.63305		-1.978614e-14		7.781341e-12
0.63613		3.208341e-13		7.062742e-12
0.63920		-5.318770e-13		7.245352e-12
0.64227		2.031804e-14		6.326468e-12
0.64535		-1.754423e-12		7.072840e-12
0.64842		6.860512e-13		7.362313e-12
0.65149		-2.303333e-13		7.111963e-12
0.65456		7.424585e-13		7.439637e-12
0.65764		7.899493e-13		6.921794e-12
0.66071		-1.162752e-12		6.923466e-12
0.66378		6.541497e-15		6.994087e-12
0.66686		2.069564e-14		7.087586e-12
0.66993		8.290542e-15		7.089061e-12
0.67300		-9.471622e-15		6.630418e-12
0.67608		-3.986434e-14		7.558361e-12
0.67915		4.117412e-13		6.613912e-12
0.68222		8.432101e-13		7.289951e-12
0.68530		2.864567e-13		6.949170e-12
0.68837		-1.336898e-13		6.878676e-12
0.69144		-8.220678e-14		7.965208e-12
0.69451		1.585728e-12		7.031736e-12
0.69759		3.117157e-13		7.411506e-12
0.70066		8.707030e-14		7.069524e-12
0.70373		-8.453143e-13		6.707514e-12
0.70681		-1.081485e-12		7.154993e-12
0.70988		-1.636230e-13		6.515356e-12
0.71295		9.479917e-13		7.224516e-12
0.71603		9.982361e-13		6.870090e-12
0.71910		-5.685141e-13		7.706014e-12
0.72217		4.696947e-13		7.233296e-12
0.72525		-5.966183e-13		6.984826e-12
0.72832		6.498241e-13		7.059123e-12
0.73139		4.863077e-13		7.019553e-12
0.73446		5.029384e-13		6.872152e-12
0.73754		4.279113e-13		8.001777e-12
0.74061		4.808451e-13		6.761001e-12
0.74368		5.202791e-13		7.105957e-12
0.74676		-5.228217e-13		7.509291e-12
0.74983		8.495123e-13		7.048931e-12
0.75290		-7.846458e-13		7.184510e-12
0.75598		-7.794543e-13		7.044141e-12
0.75905		9.200349e-13		7.016899e-12
0.76212		1.899529e-13		7.087510e-12
0.76520		-1.632669e-12		7.099879e-12
0.76827		2.220002e-13		7.046402e-12
0.77134		-6.841863e-13		6.924251e-12
0.77441		9.133531e-13		7.528262e-12
0.77749		-4.755990e-13		6.756818e-12
0.78056		-1.624455e-12		6.795814e-12
0.78363		-1.866277e-13		6.965706e-12
0.78671		-3.557935e-13		6.668741e-12
0.78978		1.630140e-13		7.481124e-12
0.79285		1.229688e-12		7.063686e-12
0.79593		2.861998e-13		6.778834e-12
0.79900		2.860583e-13		7.192084e-12
0.80207		-6.391411e-13		7.556344e-12
0.80515		1.400816e-12		7.521762e-12
0.80822		-1.173788e-13		7.269713e-12
0.81129		-6.234854e-13		7.341101e-12
0.81436		-1.640926e-13		7.928085e-12
0.81744		1.844745e-12		7.831835e-12
0.82051		9.041923e-14		7.961062e-12
0.82358		5.885611e-13		7.214441e-12
0.82666		-3.996290e-13		6.699689e-12
0.82973		-2.687818e-13		7.140341e-12
0.83280		-3.122126e-13		7.232888e-12
0.83588		1.128038e-12		7.031225e-12
0.83895		-9.812221e-13		7.024659e-12
0.84202		5.371031e-13		6.783164e-12
0.84510		-3.377587e-13		6.968192e-12
0.84817		-7.317496e-13		6.506781e-12
0.85124		8.037679e-13		7.238098e-12
0.85431		2.385888e-14		7.315437e-12
0.85739		5.456308e-14		7.139081e-12
0.86046		-7.430415e-13		6.841657e-12
0.86353		-1.147437e-12		6.700842e-12
0.86661		-6.318931e-13		7.215970e-12
0.86968		2.658667e-13		6.322272e-12
0.87275		-7.358675e-13		6.633311e-12
0.87583		-2.734246e-13		7.171048e-12
0.87890		-1.198070e-12		6.737542e-12
0.88197		1.434764e-12		6.879146e-12
0.88505		1.000856e-12		6.925038e-12
0.88812		-9.916351e-13		7.594560e-12
0.89119		6.302440e-13		6.926478e-12
0.89426		-1.737210e-13		6.748633e-12
0.89734		1.394730e-12		6.421096e-12
0.90041		1.036184e-12		6.691542e-12
0.90348		-6.235600e-13		7.682632e-12
0.90656		-9.346217e-13		6.846302e-12
0.90963		1.127736e-12		7.320358e-12
0.91270		4.406136e-13		7.618229e-12
0.91578		1.126418e-13		7.248338e-12
0.91885		6.255107e-13		6.562146e-12
0.92192		-1.066549e-12		7.356625e-12
0.92499		1.589933e-13		8.207904e-12
0.92807		-7.356284e-14		6.957812e-12
0.93114		5.010655e-13		6.086559e-12
0.93421		5.436464e-13		7.139434e-12
0.93729		-3.886218e-13		7.583800e-12
0.94036		-4.507297e-14		6.779270e-12
0.94343		-5.796825e-13		7.336639e-12
0.94651		1.162370e-12		6.546397e-12
0.94958		-7.856948e-14		7.098901e-12
0.95265		-6.569858e-13		7.043759e-12
0.95573		9.159846e-13		7.790190e-12
0.95880		-3.967062e-13		7.126141e-12
0.96187		-4.505473e-13		7.523393e-12
0.96494		6.610178e-13		7.683639e-12
0.96802		5.335119e-13		7.703520e-12
0.97109		5.114405e-14		6.730552e-12
0.97416		7.722334e-13		7.437359e-12
0.97724		-6.434513e-13		7.045565e-12
0.98031		-9.077211e-13		6.934150e-12
0.98338		-3.620270e-13		6.961626e-12
0.98646		5.672346e-13		7.824775e-12
0.98953		-2.159091e-13		7.017017e-12
0.99260		3.752845e-13		7.317205e-12
0.99568		-2.012738e-13		7.005793e-12
0.99875		1.468295e-12		6.957270e-12
1.00182		4.180036e-13		7.205332e-12
1.00489		3.653557e-13		7.063989e-12
1.00797		-1.515199e-13		6.899498e-12
1.01104		-1.015001e-12		7.658624e-12
1.01411		-1.260723e-12		6.587907e-12
1.01719		-2.738137e-14		6.702260e-12
1.02026		-4.276554e-13		6.892253e-12
1.02333		-1.882937e-13		7.464515e-12
1.02641		-7.941753e-13		6.752728e-12
1.02948		-2.998845e-13		7.044198e-12
1.03255		-3.258009e-13		7.106230e-12
1.03563		8.903021e-13		6.682981e-12
1.03870		-8.442129e-13		7.043813e-12
1.04177		9.508792e-13		7.198542e-12
1.04484		-4.549220e-13		6.956576e-12
1.04792		6.218067e-15		6.946244e-12
1.05099		3.217376e-13		6.823383e-12
1.05406		1.134817e-12		6.986925e-12
1.05714		-7.318204e-13		6.884720e-12
1.06021		6.385282e-13		7.368621e-12
1.06328		-7.985593e-13		6.849184e-12
1.06636		5.195861e-13		7.009527e-12
1.06943		-5.375412e-13		7.591063e-12
1.07250		-4.413273e-13		6.467872e-12
1.07558		-2.195398e-13		7.305943e-12
1.07865		1.193235e-12		6.782615e-12
1.08172		6.142099e-13		7.369655e-12
1.08479		4.897662e-13		7.339561e-12
1.08787		4.394527e-13		6.495100e-12
1.09094		6.567369e-13		7.088610e-12
1.09401		8.653478e-13		6.990053e-12
1.09709		1.194337e-13		7.323206e-12
1.10016		9.234467e-14		7.022229e-12
1.10323		1.433338e-12		6.813667e-12
1.10631		-2.897413e-14		7.096278e-12
1.10938		1.116588e-12		7.685402e-12
1.11245		-8.689703e-14		6.951225e-12
1.11553		-2.742603e-13		6.906763e-12
1.11860		-1.469147e-12		6.639450e-12
1.12167		-1.670119e-13		7.418559e-12
1.12474		1.827470e-12		6.394907e-12
1.12782		6.364998e-13		6.790285e-12
1.13089		1.069324e-12		7.067479e-12
1.13396		-5.742616e-13		7.445631e-12
1.13704		1.350651e-13		6.896000e-12
1.14011		-9.881402e-13		7.704489e-12
1.14318		1.335300e-12		7.650116e-12
1.14626		6.919396e-13		7.474241e-12
1.14933		1.148264e-12		6.721127e-12
1.15240		5.425153e-13		6.997002e-12
1.15548		-1.017052e-12		6.952552e-12
1.15855		-7.902870e-13		7.019008e-12
1.16162		8.546077e-13		7.135503e-12
1.16469		2.397279e-13		7.136139e-12
1.16777		4.253095e-13		6.927607e-12
1.17084		4.148866e-13		6.799443e-12
1.17391		2.941236e-14		7.047002e-12
1.17699		-7.525390e-13		7.352591e-12
1.18006		2.090723e-13		6.582677e-12
1.18313		-3.940222e-13		7.459088e-12
1.18621		1.243749e-13		6.688435e-12
1.18928		5.960888e-13		6.511680e-12
1.19235		4.181977e-13		7.424965e-12
1.19543		-7.326086e-13		7.743929e-12
1.19850		4.161599e-13		6.418248e-12
1.20157		4.282767e-13		7.393923e-12
1.20464		2.715945e-13		7.091624e-12
1.20772		-3.984919e-13		7.098895e-12
1.21079		4.811201e-13		6.636217e-12
1.21386		-1.041047e-12		6.319341e-12
1.21694		4.699054e-13		6.973632e-12
1.22001		-1.443442e-12		6.677479e-12
1.22308		-3.807455e-13		6.718168e-12
1.22616		4.066016e-13		6.834828e-12
1.22923		9.853831e-13		7.852023e-12
1.23230		8.324607e-13		7.182973e-12
1.23538		3.788791e-13		7.332265e-12
1.23845		7.581342e-13		7.335964e-12
1.24152		-1.441793e-13		7.263951e-12
1.24459		-2.620359e-14		6.641626e-12
1.24767		-1.315686e-12		7.710304e-12
1.25074		8.606392e-13		7.294643e-12
1.25381		1.732829e-12		6.160955e-12
1.25689		5.252519e-13		7.189054e-12
1.25996		-1.185940e-12		7.142098e-12
1.26303		-1.309146e-13		6.938059e-12
1.26611		1.429811e-12		6.568668e-12
1.26918		1.721529e-12		7.131047e-12
1.27225		-7.851426e-13		7.653226e-12
1.27533		2.985819e-13		6.705968e-12
1.27840		1.677202e-13		7.135550e-12
1.28147		-8.770440e-13		7.231496e-12
1.28454		1.177952e-13		7.401551e-12
1.28762		-6.927701e-13		7.236655e-12
1.29069		4.272711e-13		6.742609e-12
1.29376		-1.263486e-12		7.637213e-12
1.29684		-7.753010e-13		7.343714e-12
1.29991		-7.612629e-13		6.689348e-12
1.30298		5.317345e-13		6.977871e-12
1.30606		-1.197233e-13		6.935484e-12
1.30913		-5.916503e-13		7.454269e-12
1.31220		8.417919e-13		6.923186e-12
1.31528		4.647751e-13		6.426101e-12
1.31835		5.014055e-13		7.261300e-12
1.32142		2.164178e-14		6.841769e-12
1.32449		6.943720e-14		6.498648e-12
1.32757		-1.041297e-12		6.722933e-12
1.33064		-2.797649e-14		6.910135e-12
1.33371		-4.426558e-13		6.719478e-12
1.33679		-1.148905e-12		7.363465e-12
1.33986		-8.343337e-13		7.321974e-12
1.34293		4.460745e-14		7.081696e-12
1.34601		5.900692e-13		6.536070e-12
1.34908		4.125866e-13		7.156421e-12
1.35215		-6.520534e-14		6.871127e-12
1.35523		-7.575041e-13		6.639984e-12
1.35830		-2.775766e-13		7.697683e-12
1.36137		3.492201e-13		6.739884e-12
1.36444		-6.997408e-13		7.290388e-12
1.36752		-1.652018e-12		7.145181e-12
1.37059		4.451679e-14		7.250199e-12
1.37366		-3.066614e-13		7.256758e-12
1.37674		4.956575e-13		6.918265e-12
1.37981		1.000682e-12		7.308177e-12
1.38288		1.711932e-13		6.981530e-12
1.38596		7.360076e-15		6.663190e-12
1.38903		4.064841e-13		6.720868e-12
1.39210		-2.670876e-13		6.918784e-12
1.39518		6.294624e-13		6.985283e-12
1.39825		-1.481726e-12		7.749265e-12
1.40132		2.538938e-13		6.870323e-12
1.40439		-2.279536e-13		7.097129e-12
1.40747		-1.391589e-12		6.305618e-12
1.41054		3.383247e-13		7.440246e-12
1.41361		-1.503678e-13		6.856251e-12
1.41669		-2.649905e-13		6.897872e-12
1.41976		1.382252e-12		7.054711e-12
1.42283		-2.066429e-13		7.363478e-12
1.42591		-1.270453e-12		7.945794e-12
1.42898		3.054135e-13		7.200923e-12
1.43205		6.486059e-13		7.596686e-12
1.43513		5.916791e-13		7.296542e-12
1.43820		-5.976096e-14		7.179914e-12
1.44127		-4.825014e-13		7.128637e-12
1.44434		1.146588e-12		6.957111e-12
1.44742		1.252536e-12		6.612739e-12
1.45049		5.209058e-13		6.955016e-12
1.45356		-3.839987e-14		6.685695e-12
1.45664		1.309497e-13		7.181591e-12
1.45971		6.904595e-14		7.157509e-12
1.46278		-8.432504e-13		7.122669e-12
1.46586		4.796378e-13		7.621030e-12
1.46893		3.631875e-13		6.539796e-12
1.47200		-3.376703e-13		7.957243e-12
1.47508		-5.014904e-13		7.057655e-12
1.47815		-6.048599e-13		7.302347e-12
1.48122		-2.644527e-13		6.892600e-12
1.48429		-3.892008e-13		6.402197e-12
1.48737		1.051626e-12		7.025823e-12
1.49044		1.817786e-14		7.242170e-12
1.49351		1.444399e-12		7.281604e-12
1.49659		-8.549364e-13		7.622177e-12
1.49966		8.222822e-13		6.625900e-12
1.50273		-5.905208e-13		7.086431e-12
1.50581		9.703967e-13		7.073456e-12
1.50888		-4.386336e-13		6.552189e-12
1.51195		1.623052e-13		7.334239e-12
1.51503		-7.735070e-13		6.639275e-12
1.51810		9.035375e-13		6.901775e-12
1.52117		5.528188e-13		7.539145e-12
1.52424		3.855240e-13		6.887953e-12
1.52732		-2.912951e-13		7.131794e-12
1.53039		2.713719e-13		7.761922e-12
1.53346		-5.102487e-13		7.326688e-12
1.53654		5.332112e-13		7.566181e-12
1.53961		2.497754e-13		7.487703e-12
1.54268		1.604454e-12		7.202489e-12
1.54576		-7.546241e-13		7.211267e-12
1.54883		8.137649e-13		6.949530e-12
1.55190		3.522352e-13		7.089251e-12
1.55497		4.184087e-13		7.885485e-12
1.55805		-3.565836e-13		7.454133e-12
1.56112		2.727620e-13		6.853504e-12
1.56419		-1.690876e-14		6.787104e-12
1.56727		2.947598e-13		7.335054e-12
1.57034		-4.152470e-13		7.464191e-12
1.57341		3.928956e-13		7.789521e-12
1.57649		-2.480128e-13		7.259170e-12
1.57956		2.186730e-14		6.836638e-12
1.58263		-4.686779e-13		7.576329e-12
1.58571		-6.725789e-13		7.631663e-12
1.58878		2.675182e-14		7.157165e-12
1.59185		-1.066350e-12		7.383795e-12
1.59492		4.045323e-13		7.658250e-12
1.59800		1.388498e-12		7.094711e-12
1.60107		-3.081725e-15		7.268303e-12
1.60414		-7.045808e-13		7.652372e-12
1.60722		3.469676e-13		7.043245e-12
1.61029		-6.461187e-13		7.039379e-12
1.61336		-4.353795e-13		7.575186e-12
1.61644		-4.579230e-13		7.301234e-12
1.61951		-3.726285e-13		6.387754e-12
1.62258		-1.431366e-12		7.515544e-12
1.62566		-6.917986e-13		6.208742e-12
1.62873		-9.297199e-14		7.380280e-12
1.63180		-1.136721e-13		7.098098e-12
1.63487		-4.079017e-13		6.969223e-12
1.63795		-1.316863e-13		6.783403e-12
1.64102		5.537172e-13		6.532529e-12
1.64409		-2.300646e-13		7.625186e-12
1.64717		1.461536e-12		6.962104e-12
1.65024		-1.631563e-12		7.313322e-12
1.65331		-2.315546e-13		7.812033e-12
1.65639		8.414976e-14		6.854846e-12
1.65946		7.755379e-13		7.885858e-12
1.66253		-2.299262e-13		7.371572e-12
1.66561		1.986857e-12		7.284603e-12
1.66868		-1.106054e-12		6.892940e-12
1.67175		-8.229340e-14		7.342449e-12
1.67482		2.294948e-12		7.260191e-12
1.67790		-2.044815e-13		7.473284e-12
1.68097		-6.088297e-13		7.027755e-12
1.68404		-1.842220e-13		7.067461e-12
1.68712		1.351429e-15		6.608359e-12
1.69019		-5.126267e-13		7.348155e-12
1.69326		1.285127e-12		7.095969e-12
1.69634		-3.250233e-13		7.078203e-12
1.69941		-3.541900e-13		7.072637e-12
1.70248		-5.053472e-14		7.848547e-12
1.70556		-5.553506e-13		6.934945e-12
1.70863		1.163046e-12		6.932749e-12
1.71170		-3.451584e-13		7.139725e-12
1.71477		-6.274029e-13		7.211461e-12
1.71785		-7.031506e-13		6.666489e-12
1.72092		3.450079e-13		7.165382e-12
1.72399		1.220761e-13		6.851769e-12
1.72707		-6.197289e-13		6.818574e-12
1.73014		-8.662278e-13		7.551284e-12
1.73321		4.902662e-13		7.474110e-12
1.73629		-6.266261e-14		7.350544e-12
1.73936		5.820314e-13		6.907647e-12
1.74243		9.332497e-13		6.504212e-12
1.74551		1.464897e-13		7.694103e-12
1.74858		-7.049219e-13		7.074515e-12
1.75165		1.898008e-13		7.196656e-12
1.75472		2.510568e-13		7.245630e-12
1.75780		-3.103040e-13		7.404132e-12
1.76087		1.966099e-13		7.350589e-12
1.76394		-1.128887e-13		7.150031e-12
1.76702		2.536391e-14		6.921130e-12
1.77009		9.109197e-13		7.475554e-12
1.77316		-9.287006e-13		6.654367e-12
1.77624		-7.975553e-13		7.220504e-12
1.77931		1.022126e-12		7.579337e-12
1.78238		4.538389e-13		6.881485e-12
1.78546		-5.974229e-13		6.470926e-12
1.78853		4.962558e-13		6.807028e-12
1.79160		-1.045309e-12		6.705363e-12
1.79467		1.198927e-12		6.380992e-12
1.79775		1.011260e-13		7.167706e-12
1.80082		-4.623845e-13		7.557080e-12
1.80389		-4.317775e-13		7.469526e-12
1.80697		1.067918e-12		6.827671e-12
1.81004		-2.160688e-13		7.274512e-12
1.81311		-2.762587e-13		6.834607e-12
1.81619		2.035075e-13		7.385966e-12
1.81926		1.024565e-13		6.676358e-12
1.82233		-1.918799e-12		7.017723e-12
1.82541		1.459114e-13		7.646874e-12
1.82848		-9.595462e-13		6.390764e-12
1.83155		1.095735e-12		7.246553e-12
1.83462		-8.770481e-13		6.672217e-12
1.83770		-9.784834e-13		7.434736e-12
1.84077		-1.437459e-12		6.624979e-12
1.84384		-5.886626e-13		7.028584e-12
1.84692		1.106240e-12		6.328874e-12
1.84999		-3.143037e-13		7.347864e-12
1.85306		8.810292e-13		7.275384e-12
1.85614		4.792159e-13		7.617562e-12
1.85921		-1.255814e-13		6.635223e-12
1.86228		-2.772017e-13		7.105385e-12
1.86536		-7.484937e-13		7.402163e-12
1.86843		1.319452e-13		7.166398e-12
1.87150		1.041660e-12		6.739337e-12
1.87457		-6.088482e-13		7.016053e-12
1.87765		-7.998555e-13		6.890532e-12
1.88072		-1.016347e-13		6.984335e-12
1.88379		-2.812831e-14		7.542583e-12
1.88687		1.444521e-13		6.640586e-12
1.88994		-8.006065e-13		7.152391e-12
1.89301		-1.361274e-12		6.966809e-12
1.89609		7.948189e-14		7.277295e-12
1.89916		-1.105980e-12		6.149507e-12
1.90223		-3.501141e-13		7.608863e-12
1.90531		8.632674e-13		6.744913e-12
1.90838		3.546234e-13		7.260613e-12
1.91145		-2.410613e-13		7.634999e-12
1.91452		-1.426464e-14		7.194934e-12
1.91760		-1.785610e-13		7.130507e-12
1.92067		3.148908e-13		6.995231e-12
1.92374		3.018672e-13		7.302260e-12
1.92682		-2.453943e-13		6.521088e-12
1.92989		3.077787e-13		7.775199e-12
1.93296		-4.772922e-13		6.840782e-12
1.93604		5.143843e-13		7.078254e-12
1.93911		-5.232722e-15		6.822388e-12
1.94218		-8.553486e-13		8.479361e-12
1.94526		6.749293e-13		7.423786e-12
1.94833		-9.733491e-15		6.817689e-12
1.95140		4.204055e-13		6.843567e-12
1.95447		1.083113e-13		7.196435e-12
1.95755		-5.005303e-13		7.227944e-12
1.96062		-2.954613e-13		6.898133e-12
1.96369		3.059695e-13		7.607462e-12
1.96677		6.933991e-13		7.357702e-12
1.96984		6.277817e-13		6.855522e-12
1.97291		-8.537098e-13		7.151389e-12
1.97599		4.884556e-13		6.693741e-12
1.97906		1.341727e-13		7.083703e-12
1.98213		-1.104510e-12		6.977714e-12
1.98521		-3.023126e-13		7.082676e-12
1.98828		-1.523569e-12		6.371022e-12
1.99135		-1.062231e-12		6.920460e-12
1.99442		-1.249470e-12		6.677992e-12
1.99750		-7.348148e-13		6.979548e-12
2.00057		7.348513e-13		7.237644e-12
2.00364		3.064927e-13		7.271654e-12
2.00672		5.426428e-13		6.980506e-12
2.00979		-3.270302e-14		7.317408e-12
2.01286		-8.756925e-13		6.731938e-12
2.01594		-2.111942e-13		6.692961e-12
2.01901		2.269779e-14		6.758692e-12
2.02208		-7.775012e-14		7.314320e-12
2.02516		1.399018e-13		6.682085e-12
2.02823		-9.537301e-13		6.933689e-12
2.03130		3.101309e-13		6.607694e-12
2.03437		-9.109605e-13		7.665472e-12
2.03745		-2.708840e-13		7.362400e-12
2.04052		3.690655e-13		7.315765e-12
2.04359		8.899106e-13		6.913523e-12
2.04667		-2.300503e-13		7.270400e-12
2.04974		-6.401778e-13		6.993311e-12
2.05281		2.339857e-13		6.527295e-12
2.05589		1.836863e-13		6.647702e-12
2.05896		-1.054135e-12		7.019136e-12
2.06203		6.205465e-13		7.184993e-12
2.06511		-1.523096e-12		6.345007e-12
2.06818		1.822817e-13		7.222037e-12
2.07125		6.513688e-13		7.065822e-12
2.07432		3.824287e-14		7.252737e-12
2.07740		-3.750361e-13		7.147394e-12
2.08047		5.370128e-14		6.949589e-12
2.08354		1.186525e-12		6.832229e-12
2.08662		-3.378589e-13		6.654882e-12
2.08969		3.732443e-13		6.956217e-12
2.09276		5.632333e-13		7.924556e-12
2.09584		-2.077632e-13		7.938188e-12
2.09891		-1.602923e-13		7.443296e-12
2.10198		5.623611e-13		7.525366e-12
2.10506		1.375222e-13		7.095423e-12
2.10813		1.656429e-13		7.617489e-12
2.11120		-3.874276e-13		6.764915e-12
2.11427		-1.708049e-13		8.011805e-12
2.11735		7.741844e-13		6.322114e-12
2.12042		1.683427e-12		6.426783e-12
2.12349		2.829204e-13		6.695375e-12
2.12657		-1.045112e-12		6.997099e-12
2.12964		-2.158954e-13		6.954230e-12
2.13271		1.483330e-13		6.994041e-12
2.13579		-6.704069e-13		7.310919e-12
2.13886		-9.127303e-13		6.702843e-12
2.14193		9.212165e-13		6.380478e-12
2.14501		-8.027804e-13		6.863193e-12
2.14808		-2.832691e-13		6.951006e-12
2.15115		-1.157886e-13		7.305805e-12
2.15422		7.152463e-13		7.031975e-12
2.15730		8.201899e-13		6.999947e-12
2.16037		-2.009348e-13		7.732506e-12
2.16344		-2.720353e-13		7.522010e-12
2.16652		-2.858908e-13		6.895142e-12
2.16959		-1.299227e-13		6.762647e-12
2.17266		1.595463e-12		6.861501e-12
2.17574		-2.637344e-13		7.135067e-12
2.17881		-1.064392e-12		7.651835e-12
2.18188		-1.813653e-13		7.148506e-12
2.18495		-5.704834e-13		6.937353e-12
2.18803		8.509377e-13		7.033314e-12
2.19110		-1.477573e-12		7.172557e-12
2.19417		4.878811e-13		7.643825e-12
2.19725		1.403725e-12		7.354895e-12
2.20032		-5.117916e-13		6.760652e-12
2.20339		-1.975984e-12		6.570047e-12
2.20647		8.296919e-13		6.708510e-12
2.20954		-5.674011e-13		6.952094e-12
2.21261		-1.116256e-12		6.902538e-12
2.21569		7.404798e-13		7.308933e-12
2.21876		4.776738e-14		7.389871e-12
2.22183		-2.740361e-13		6.624520e-12
2.22490		1.631367e-14		6.830071e-12
2.22798		1.933471e-13		7.020471e-12
2.23105		-3.828382e-13		7.345810e-12
2.23412		1.176657e-12		6.532593e-12
2.23720		8.745680e-13		6.854575e-12
2.24027		-1.099343e-12		6.822622e-12
2.24334		1.451724e-12		6.527394e-12
2.24642		6.796529e-13		7.019050e-12
2.24949		-8.688497e-13		6.559377e-12
2.25256		4.651272e-13		7.367129e-12
2.25564		9.033454e-13		6.900594e-12
2.25871		-4.541982e-13		7.024645e-12
2.26178		1.862329e-13		7.081366e-12
2.26485		1.217601e-12		7.549375e-12
2.26793		3.940650e-13		7.121837e-12
2.27100		5.313932e-13		6.552093e-12
2.27407		8.955607e-14		7.052285e-12
2.27715		-1.413668e-13		6.709663e-12
2.28022		-3.069049e-13		7.021563e-12
2.28329		2.374628e-13		7.040571e-12
2.28637		-4.194240e-13		7.355796e-12
2.28944		1.142298e-12		6.861923e-12
2.29251		9.991210e-13		7.505726e-12
2.29559		-3.789941e-13		7.567082e-12
2.29866		-7.628283e-13		6.628072e-12
2.30173		-6.078398e-13		7.381396e-12
2.30480		3.273495e-13		7.345804e-12
2.30788		6.291973e-14		7.034175e-12
2.31095		-4.866245e-13		6.598858e-12
2.31402		-9.079185e-14		7.235707e-12
2.31710		8.095370e-14		6.558957e-12
2.32017		9.044642e-14		7.038684e-12
2.32324		-1.228639e-13		7.021824e-12
2.32632		1.335342e-13		8.029478e-12
2.32939		-1.058350e-12		7.197296e-12
2.33246		4.899777e-14		7.268541e-12
2.33554		-9.664925e-13		7.156508e-12
2.33861		-4.528128e-13		6.773374e-12
2.34168		8.325494e-13		7.162399e-12
2.34475		-3.551429e-13		6.754392e-12
2.34783		2.690985e-13		6.685804e-12
2.35090		9.609240e-13		7.201075e-12
2.35397		3.319678e-13		6.590501e-12
2.35705		8.996029e-13		6.963571e-12
2.36012		5.061774e-13		7.183923e-12
2.36319		-1.717565e-13		6.942360e-12
2.36627		-1.730255e-13		6.852327e-12
2.36934		5.621404e-13		7.477022e-12
2.37241		-6.263609e-13		6.734250e-12
2.37549		6.429092e-13		8.024580e-12
2.37856		8.712592e-13		7.628884e-12
2.38163		6.339853e-13		7.184262e-12
2.38470		1.586204e-13		6.765652e-12
2.38778		-2.378461e-13		7.609595e-12
2.39085		-8.506062e-13		6.927626e-12
2.39392		-1.050663e-12		7.023143e-12
2.39700		-1.957836e-13		7.199923e-12
2.40007		-3.219757e-13		6.797075e-12
2.40314		2.226382e-13		6.492653e-12
2.40622		7.165191e-13		7.059140e-12
2.40929		-3.223059e-13		6.849737e-12
2.41236		-6.716394e-13		7.376667e-12
2.41544		1.083862e-12		7.213581e-12
2.41851		3.583645e-13		6.825522e-12
2.42158		8.515520e-13		6.893783e-12
2.42465		-2.062946e-14		6.689866e-12
2.42773		1.574345e-12		6.464588e-12
2.43080		1.737163e-13		7.030484e-12
2.43387		1.420640e-13		7.362253e-12
2.43695		3.788644e-13		7.359073e-12
2.44002		-6.066721e-13		6.510421e-12
2.44309		5.084477e-13		6.758799e-12
2.44617		4.350025e-13		7.478153e-12
2.44924		-7.078223e-13		7.400968e-12
2.45231		1.132354e-12		6.847999e-12
2.45539		-8.208127e-14		6.949478e-12
2.45846		1.026426e-12		6.968824e-12
2.46153		2.503123e-13		6.869253e-12
2.46460		4.000958e-13		7.053821e-12
2.46768		5.860616e-13		6.747394e-12
2.47075		-9.944109e-14		7.121226e-12
2.47382		-1.033557e-12		7.181401e-12
2.47690		1.395396e-12		7.103198e-12
2.47997		-9.613522e-13		6.794091e-12
2.48304		-1.843072e-12		8.259812e-12
2.48612		1.801176e-12		7.865004e-12
2.48919		9.692856e-13		7.573218e-12
2.49226		-8.609065e-13		7.033261e-12
2.49534		7.662466e-13		7.158349e-12
2.49841		1.662181e-13		7.826415e-12
2.50148		-1.430962e-12		6.870547e-12
2.50455		-8.105195e-13		6.931007e-12
2.50763		4.670094e-13		6.674741e-12
2.51070		6.547632e-13		6.917811e-12
2.51377		-3.533184e-13		6.866074e-12
2.51685		7.512889e-13		6.354014e-12
2.51992		-9.394979e-13		6.541208e-12
2.52299		-6.245985e-13		7.103708e-12
2.52607		-2.033372e-12		6.861718e-12
2.52914		2.934452e-13		6.834965e-12
2.53221		-1.025914e-12		7.195204e-12
2.53529		-5.295488e-13		6.388818e-12
2.53836		-6.566713e-13		7.184614e-12
2.54143		-4.764819e-13		7.194433e-12
2.54450		8.090693e-13		7.222921e-12
2.54758		1.622312e-14		7.922811e-12
2.55065		2.029377e-13		6.463715e-12
2.55372		-3.956209e-13		7.273269e-12
2.55680		2.707318e-13		6.917681e-12
2.55987		-5.831480e-13		6.900288e-12
2.56294		1.258596e-14		8.035488e-12
2.56602		-7.727130e-13		7.262871e-12
2.56909		1.889135e-12		6.722742e-12
2.57216		-1.339290e-14		7.791215e-12
2.57524		-7.751354e-13		7.282020e-12
2.57831		-9.742852e-13		7.091911e-12
2.58138		-9.408130e-13		7.258503e-12
2.58445		-6.867428e-13		7.308375e-12
2.58753		-4.499543e-13		7.505743e-12
2.59060		-1.574569e-12		6.702635e-12
2.59367		1.471518e-13		7.235993e-12
2.59675		-3.382144e-13		6.627246e-12
2.59982		-4.374087e-13		7.420684e-12
2.60289		-6.168411e-13		7.355894e-12
2.60597		-7.330617e-13		6.784635e-12
2.60904		1.655855e-13		7.052241e-12
2.61211		-5.245835e-13		7.268969e-12
2.61519		-2.794626e-14		6.935737e-12
2.61826		-1.448146e-12		7.038810e-12
2.62133		-3.761410e-13		7.449962e-12
2.62440		-1.991928e-14		6.761987e-12
2.62748		5.948072e-14		7.124003e-12
2.63055		8.998534e-13		6.400366e-12
2.63362		9.779771e-13		6.725854e-12
2.63670		-6.016893e-13		7.048193e-12
2.63977		4.068336e-13		7.012104e-12
2.64284		3.234112e-13		6.915861e-12
2.64592		-1.214120e-12		7.119892e-12
2.64899		5.098959e-13		7.428766e-12
2.65206		-6.238881e-13		7.123365e-12
2.65514		-1.507891e-13		6.653916e-12
2.65821		-2.827725e-13		6.868296e-12
2.66128		-1.069490e-12		6.677302e-12
2.66435		-8.331825e-13		7.015363e-12
2.66743		7.173561e-13		7.090345e-12
2.67050		6.612351e-14		7.264061e-12
2.67357		3.760089e-13		7.003234e-12
2.67665		4.403443e-13		6.925408e-12
2.67972		1.498755e-12		6.848490e-12
2.68279		-3.253319e-13		7.348586e-12
2.68587		-1.772359e-12		7.218561e-12
2.68894		-3.694481e-13		7.667936e-12
2.69201		6.035021e-15		6.890492e-12
2.69509		-9.644738e-13		6.256215e-12
2.69816		-1.074182e-13		7.180315e-12
2.70123		1.246235e-12		7.142367e-12
2.70430		1.865598e-13		7.352149e-12
2.70738		1.492802e-12		6.750862e-12
2.71045		1.501246e-12		6.563198e-12
2.71352		5.268510e-13		6.800832e-12
2.71660		-4.299756e-13		7.090658e-12
2.71967		-1.006586e-12		7.039496e-12
2.72274		9.963000e-13		7.512858e-12
2.72582		3.153957e-13		6.461386e-12
2.72889		-1.126247e-13		6.555875e-12
2.73196		-1.965235e-13		7.029930e-12
2.73504		-9.528355e-14		7.273418e-12
2.73811		2.295851e-13		7.295772e-12
2.74118		-2.112545e-13		7.060958e-12
2.74425		-5.873235e-13		6.791144e-12
2.74733		1.119092e-12		6.977389e-12
2.75040		-4.067666e-13		7.263263e-12
2.75347		-5.902556e-13		7.278570e-12
2.75655		3.397170e-13		7.307121e-12
2.75962		2.145718e-13		7.217989e-12
2.76269		-7.841243e-14		7.320544e-12
2.76577		2.862552e-13		6.866918e-12
2.76884		-6.975615e-13		7.492908e-12
2.77191		-1.967027e-13		6.985272e-12
2.77498		-4.106027e-13		7.038262e-12
2.77806		9.106031e-13		7.558658e-12
2.78113		-4.093360e-14		7.009479e-12
2.78420		-8.283798e-13		7.515795e-12
2.78728		5.008908e-13		7.586467e-12
2.79035		-9.622640e-13		7.112377e-12
2.79342		1.108008e-12		7.473468e-12
2.79650		-4.907069e-13		7.349115e-12
2.79957		-3.474520e-13		7.342514e-12
2.80264		5.074679e-13		6.550133e-12
2.80572		-3.060314e-13		7.366490e-12
2.80879		-6.805316e-13		7.125088e-12
2.81186		4.340516e-13		7.542585e-12
2.81493		-1.580295e-13		7.014452e-12
2.81801		7.704681e-14		7.238943e-12
2.82108		1.027013e-13		7.546887e-12
2.82415		-4.639622e-13		6.969868e-12
2.82723		-1.458028e-12		6.514285e-12
2.83030		3.513060e-13		7.940000e-12
2.83337		-1.528969e-13		6.972617e-12
2.83645		1.732051e-12		7.374010e-12
2.83952		6.477306e-13		6.802221e-12
2.84259		7.299330e-13		6.936296e-12
2.84567		-1.631803e-13		7.384205e-12
2.84874		3.769041e-13		7.224800e-12
2.85181		1.693334e-13		7.227197e-12
2.85488		6.590185e-13		7.200150e-12
2.85796		4.570270e-13		6.814195e-12
2.86103		-1.149941e-12		7.243534e-12
2.86410		4.262352e-13		7.840005e-12
2.86718		-6.291976e-13		7.318134e-12
2.87025		1.322205e-13		7.268066e-12
2.87332		1.227691e-12		6.311595e-12
2.87640		4.752066e-13		7.132517e-12
2.87947		2.685919e-13		6.677562e-12
2.88254		1.143162e-12		6.775643e-12
2.88562		-4.949531e-13		6.886417e-12
2.88869		-8.957279e-13		7.250822e-12
2.89176		-1.227220e-12		6.809945e-12
2.89483		-2.978713e-13		7.076303e-12
2.89791		-6.160723e-13		6.971495e-12
2.90098		1.926214e-13		6.635704e-12
2.90405		8.014882e-14		6.578753e-12
2.90713		7.902041e-13		7.758270e-12
2.91020		-1.344043e-12		7.067043e-12
2.91327		6.324438e-13		6.770239e-12
2.91635		5.867797e-13		6.599943e-12
2.91942		2.054317e-13		7.121999e-12
2.92249		5.241591e-13		7.024125e-12
2.92557		-1.194083e-13		7.539876e-12
2.92864		3.086178e-13		7.476619e-12
2.93171		-7.528605e-13		7.249821e-12
2.93478		6.176655e-13		7.909152e-12
2.93786		-6.059011e-13		6.827449e-12
2.94093		-9.093411e-13		7.106037e-12
2.94400		5.115358e-13		7.240145e-12
2.94708		3.538537e-13		6.645232e-12
2.95015		-8.848952e-13		7.467497e-12
2.95322		1.965385e-13		7.539348e-12
2.95630		1.167812e-13		7.351508e-12
2.95937		4.929122e-13		7.148057e-12
2.96244		-1.256264e-12		6.982030e-12
2.96552		-7.244553e-13		7.002967e-12
2.96859		-1.798751e-13		7.047201e-12
2.97166		-1.633894e-12		7.090240e-12
2.97473		7.424949e-13		7.159214e-12
2.97781		-6.832863e-13		6.618685e-12
2.98088		4.664058e-13		7.504926e-12
2.98395		-1.050558e-12		6.765849e-12
2.98703		-1.337679e-13		6.747717e-12
2.99010		4.394775e-13		7.402228e-12
2.99317		-6.291671e-14		7.043994e-12
2.99625		5.744817e-13		6.986320e-12
2.99932		-8.930446e-13		7.378599e-12
3.00239		6.542719e-13		7.570606e-12
3.00547		8.680624e-13		6.959118e-12
3.00854		-3.330104e-14		8.217874e-12
3.01161		8.098950e-13		6.952309e-12
3.01468		9.114102e-13		6.879814e-12
3.01776		-3.110175e-13		6.972762e-12
3.02083		-5.161083e-13		6.836662e-12
3.02390		1.219852e-12		7.317904e-12
3.02698		-2.313196e-13		7.494682e-12
3.03005		-9.378627e-14		8.031742e-12
3.03312		-1.962901e-13		6.792044e-12
3.03620		1.424003e-12		6.805659e-12
3.03927		5.114239e-13		7.184121e-12
3.04234		5.532083e-14		6.276351e-12
3.04542		-8.472247e-13		6.424402e-12
3.04849		-2.666859e-13		6.883575e-12
3.05156		-7.194547e-13		7.215553e-12
3.05463		-1.009499e-13		7.570295e-12
3.05771		9.539181e-13		7.128025e-12
3.06078		5.213585e-13		7.363285e-12
3.06385		-1.120150e-13		6.851934e-12
3.06693		-3.871780e-13		7.263698e-12
3.07000		-8.318574e-13		7.499164e-12

Total data points: 1000
