PHOTOELECTRIC EFFECT LAB - RAW DATA
Date: 2026-04-06 17:45:58
Portland State University Physics Dept.
Photocathode: Material #1
Work Function: 4.3700 eV
Wavelength: 1700 Angstroms
Frequency: 1.763485e+15 Hz
============================================================

Raw Current Data:
----------------------------------------
V_r (V)		I_total (A)		sigma_I (A)
0.00000		1.514106e-10		4.928247e-11
0.00307		1.567173e-10		4.721843e-11
0.00615		1.516980e-10		4.438554e-11
0.00922		1.494169e-10		5.054251e-11
0.01229		1.544122e-10		4.777363e-11
0.01537		1.474481e-10		4.648650e-11
0.01844		1.545725e-10		4.804021e-11
0.02151		1.534104e-10		4.565603e-11
0.02458		1.527470e-10		4.806845e-11
0.02766		1.502370e-10		4.728398e-11
0.03073		1.522798e-10		4.860126e-11
0.03380		1.486535e-10		4.877653e-11
0.03688		1.501282e-10		4.822481e-11
0.03995		1.364723e-10		4.613515e-11
0.04302		1.506115e-10		5.023693e-11
0.04610		1.543622e-10		4.607193e-11
0.04917		1.488539e-10		4.792281e-11
0.05224		1.409567e-10		5.163796e-11
0.05532		1.453494e-10		4.838500e-11
0.05839		1.502420e-10		4.912988e-11
0.06146		1.510126e-10		5.155474e-11
0.06453		1.410263e-10		4.667247e-11
0.06761		1.557325e-10		5.384889e-11
0.07068		1.540301e-10		5.107258e-11
0.07375		1.491985e-10		4.835813e-11
0.07683		1.375031e-10		4.933736e-11
0.07990		1.437188e-10		4.885289e-11
0.08297		1.467459e-10		4.949832e-11
0.08605		1.521236e-10		4.974239e-11
0.08912		1.491739e-10		4.881884e-11
0.09219		1.469052e-10		5.049990e-11
0.09527		1.431527e-10		4.761548e-11
0.09834		1.473298e-10		4.531472e-11
0.10141		1.490088e-10		4.722774e-11
0.10448		1.493207e-10		4.645406e-11
0.10756		1.486654e-10		5.034938e-11
0.11063		1.465750e-10		4.705573e-11
0.11370		1.411995e-10		4.569161e-11
0.11678		1.547472e-10		4.476224e-11
0.11985		1.564467e-10		4.463936e-11
0.12292		1.557966e-10		4.997511e-11
0.12600		1.488174e-10		4.578830e-11
0.12907		1.470271e-10		4.701717e-11
0.13214		1.438181e-10		4.827035e-11
0.13522		1.435197e-10		4.551942e-11
0.13829		1.457335e-10		4.499768e-11
0.14136		1.458320e-10		4.659012e-11
0.14443		1.557069e-10		4.367173e-11
0.14751		1.415443e-10		4.529779e-11
0.15058		1.596693e-10		4.287129e-11
0.15365		1.510964e-10		4.822219e-11
0.15673		1.675226e-10		4.487127e-11
0.15980		1.448051e-10		4.594226e-11
0.16287		1.452073e-10		4.783828e-11
0.16595		1.476173e-10		4.796258e-11
0.16902		1.526932e-10		4.146293e-11
0.17209		1.427968e-10		4.454058e-11
0.17517		1.466910e-10		5.098730e-11
0.17824		1.555100e-10		4.858291e-11
0.18131		1.484236e-10		4.614073e-11
0.18438		1.400094e-10		4.841965e-11
0.18746		1.454788e-10		4.856437e-11
0.19053		1.473202e-10		4.946659e-11
0.19360		1.520890e-10		4.938936e-11
0.19668		1.491271e-10		4.988275e-11
0.19975		1.578003e-10		4.510980e-11
0.20282		1.464872e-10		4.863405e-11
0.20590		1.416606e-10		4.674237e-11
0.20897		1.469426e-10		4.670189e-11
0.21204		1.492751e-10		5.085489e-11
0.21512		1.351256e-10		4.631132e-11
0.21819		1.450080e-10		4.643752e-11
0.22126		1.468497e-10		4.724870e-11
0.22433		1.563816e-10		4.672155e-11
0.22741		1.448329e-10		4.287680e-11
0.23048		1.482858e-10		4.537757e-11
0.23355		1.445395e-10		4.302345e-11
0.23663		1.485530e-10		4.847114e-11
0.23970		1.428994e-10		4.579729e-11
0.24277		1.483945e-10		4.712440e-11
0.24585		1.509868e-10		5.107393e-11
0.24892		1.456143e-10		4.746379e-11
0.25199		1.506181e-10		4.724704e-11
0.25507		1.362212e-10		4.646313e-11
0.25814		1.414332e-10		4.888542e-11
0.26121		1.604046e-10		4.557803e-11
0.26428		1.474649e-10		4.441357e-11
0.26736		1.516586e-10		5.328224e-11
0.27043		1.470705e-10		4.443580e-11
0.27350		1.528486e-10		4.703521e-11
0.27658		1.515764e-10		4.748984e-11
0.27965		1.365430e-10		4.445080e-11
0.28272		1.476825e-10		4.562661e-11
0.28580		1.454559e-10		4.842571e-11
0.28887		1.472607e-10		4.657664e-11
0.29194		1.398860e-10		5.017266e-11
0.29502		1.460538e-10		4.529967e-11
0.29809		1.465962e-10		4.567482e-11
0.30116		1.514200e-10		4.796820e-11
0.30423		1.516609e-10		4.702084e-11
0.30731		1.519116e-10		4.401701e-11
0.31038		1.541698e-10		4.429722e-11
0.31345		1.482923e-10		4.705316e-11
0.31653		1.487669e-10		4.778767e-11
0.31960		1.458160e-10		4.415994e-11
0.32267		1.456211e-10		4.828034e-11
0.32575		1.447311e-10		5.027286e-11
0.32882		1.429474e-10		4.860687e-11
0.33189		1.479632e-10		4.378600e-11
0.33496		1.406631e-10		4.739830e-11
0.33804		1.433507e-10		4.749896e-11
0.34111		1.471483e-10		4.841831e-11
0.34418		1.462435e-10		4.997109e-11
0.34726		1.394592e-10		5.217095e-11
0.35033		1.557345e-10		4.933825e-11
0.35340		1.488268e-10		4.873215e-11
0.35648		1.533780e-10		4.631200e-11
0.35955		1.401014e-10		4.604131e-11
0.36262		1.393295e-10		4.653818e-11
0.36570		1.485882e-10		4.682340e-11
0.36877		1.488820e-10		4.802665e-11
0.37184		1.456434e-10		4.698344e-11
0.37491		1.461336e-10		4.665207e-11
0.37799		1.539895e-10		4.913311e-11
0.38106		1.482746e-10		4.473935e-11
0.38413		1.491506e-10		4.898757e-11
0.38721		1.473306e-10		4.697842e-11
0.39028		1.482097e-10		5.372885e-11
0.39335		1.449429e-10		4.914930e-11
0.39643		1.466111e-10		4.606130e-11
0.39950		1.453931e-10		4.244357e-11
0.40257		1.456562e-10		4.620826e-11
0.40565		1.417157e-10		4.321097e-11
0.40872		1.449773e-10		4.325969e-11
0.41179		1.420945e-10		4.581842e-11
0.41486		1.448508e-10		4.544859e-11
0.41794		1.483211e-10		4.488641e-11
0.42101		1.477405e-10		4.690638e-11
0.42408		1.410001e-10		4.458480e-11
0.42716		1.464695e-10		4.337567e-11
0.43023		1.426952e-10		4.848624e-11
0.43330		1.362688e-10		4.720828e-11
0.43638		1.474529e-10		4.718813e-11
0.43945		1.466265e-10		4.746842e-11
0.44252		1.374687e-10		4.267142e-11
0.44560		1.541953e-10		4.378747e-11
0.44867		1.356213e-10		4.637224e-11
0.45174		1.430434e-10		4.506233e-11
0.45481		1.417387e-10		4.547100e-11
0.45789		1.417562e-10		4.469277e-11
0.46096		1.489219e-10		5.106481e-11
0.46403		1.420032e-10		4.893877e-11
0.46711		1.425899e-10		4.389807e-11
0.47018		1.384573e-10		4.856626e-11
0.47325		1.464517e-10		4.737406e-11
0.47633		1.418011e-10		4.788604e-11
0.47940		1.404027e-10		4.766509e-11
0.48247		1.422167e-10		4.506660e-11
0.48555		1.392684e-10		4.669884e-11
0.48862		1.433540e-10		4.570814e-11
0.49169		1.468703e-10		4.405898e-11
0.49476		1.453114e-10		4.505383e-11
0.49784		1.433655e-10		4.354403e-11
0.50091		1.467502e-10		5.014932e-11
0.50398		1.351755e-10		4.367075e-11
0.50706		1.448592e-10		4.542920e-11
0.51013		1.467971e-10		4.681063e-11
0.51320		1.399118e-10		4.656841e-11
0.51628		1.527469e-10		4.989427e-11
0.51935		1.422464e-10		4.096867e-11
0.52242		1.442031e-10		4.692077e-11
0.52550		1.394084e-10		4.793623e-11
0.52857		1.490133e-10		4.912724e-11
0.53164		1.534933e-10		4.711695e-11
0.53471		1.411308e-10		4.393729e-11
0.53779		1.355981e-10		4.405959e-11
0.54086		1.345070e-10		4.434009e-11
0.54393		1.416070e-10		4.635402e-11
0.54701		1.422500e-10		4.542183e-11
0.55008		1.446772e-10		4.676926e-11
0.55315		1.459072e-10		4.491855e-11
0.55623		1.460839e-10		4.889972e-11
0.55930		1.374131e-10		4.739686e-11
0.56237		1.521645e-10		4.216889e-11
0.56545		1.433180e-10		4.169742e-11
0.56852		1.349426e-10		4.630365e-11
0.57159		1.494923e-10		4.524778e-11
0.57466		1.483853e-10		4.260727e-11
0.57774		1.475136e-10		4.598343e-11
0.58081		1.425987e-10		4.457698e-11
0.58388		1.393513e-10		4.593032e-11
0.58696		1.439072e-10		4.438203e-11
0.59003		1.437488e-10		4.595983e-11
0.59310		1.383002e-10		4.709087e-11
0.59618		1.394604e-10		4.533694e-11
0.59925		1.380823e-10		4.548316e-11
0.60232		1.377118e-10		4.640716e-11
0.60540		1.440961e-10		4.819571e-11
0.60847		1.340042e-10		4.536792e-11
0.61154		1.401422e-10		4.067338e-11
0.61461		1.413548e-10		4.677483e-11
0.61769		1.412896e-10		4.336816e-11
0.62076		1.418206e-10		4.517149e-11
0.62383		1.438530e-10		4.094799e-11
0.62691		1.411285e-10		4.520173e-11
0.62998		1.455316e-10		4.748550e-11
0.63305		1.380720e-10		4.358679e-11
0.63613		1.385839e-10		4.809794e-11
0.63920		1.422561e-10		4.301618e-11
0.64227		1.422291e-10		4.293104e-11
0.64535		1.394312e-10		4.459247e-11
0.64842		1.463284e-10		4.162457e-11
0.65149		1.424365e-10		4.381708e-11
0.65456		1.374409e-10		4.347925e-11
0.65764		1.453363e-10		4.845349e-11
0.66071		1.415843e-10		4.798310e-11
0.66378		1.368475e-10		4.266739e-11
0.66686		1.355453e-10		4.226403e-11
0.66993		1.487936e-10		4.799474e-11
0.67300		1.380927e-10		4.537454e-11
0.67608		1.364793e-10		4.403257e-11
0.67915		1.411439e-10		4.920309e-11
0.68222		1.405557e-10		4.263937e-11
0.68530		1.301330e-10		4.114513e-11
0.68837		1.360337e-10		4.385681e-11
0.69144		1.369330e-10		4.602735e-11
0.69451		1.419029e-10		4.531093e-11
0.69759		1.432968e-10		4.518303e-11
0.70066		1.355625e-10		4.492856e-11
0.70373		1.343220e-10		4.440524e-11
0.70681		1.263187e-10		3.658279e-11
0.70988		1.385315e-10		4.304181e-11
0.71295		1.326382e-10		4.444339e-11
0.71603		1.339020e-10		4.507152e-11
0.71910		1.368723e-10		4.044932e-11
0.72217		1.330580e-10		4.474254e-11
0.72525		1.397406e-10		4.490179e-11
0.72832		1.358973e-10		4.630714e-11
0.73139		1.325962e-10		4.768636e-11
0.73446		1.421924e-10		4.114707e-11
0.73754		1.376814e-10		4.290155e-11
0.74061		1.347533e-10		4.333089e-11
0.74368		1.337942e-10		4.165186e-11
0.74676		1.365515e-10		4.728661e-11
0.74983		1.389838e-10		4.371624e-11
0.75290		1.365253e-10		4.047122e-11
0.75598		1.387346e-10		4.064523e-11
0.75905		1.384770e-10		4.867601e-11
0.76212		1.383374e-10		3.903042e-11
0.76520		1.338441e-10		4.577952e-11
0.76827		1.326407e-10		4.352540e-11
0.77134		1.335981e-10		4.214744e-11
0.77441		1.251485e-10		4.406859e-11
0.77749		1.328946e-10		4.808094e-11
0.78056		1.345109e-10		4.208872e-11
0.78363		1.274932e-10		4.523192e-11
0.78671		1.346391e-10		4.612117e-11
0.78978		1.412203e-10		4.451637e-11
0.79285		1.382813e-10		4.342691e-11
0.79593		1.300749e-10		4.271456e-11
0.79900		1.416235e-10		4.123691e-11
0.80207		1.335946e-10		4.490684e-11
0.80515		1.298321e-10		4.409860e-11
0.80822		1.294604e-10		4.505069e-11
0.81129		1.331226e-10		4.380966e-11
0.81436		1.360459e-10		4.306212e-11
0.81744		1.358623e-10		4.515744e-11
0.82051		1.393907e-10		4.588658e-11
0.82358		1.342763e-10		4.459782e-11
0.82666		1.355992e-10		3.958322e-11
0.82973		1.263513e-10		4.155125e-11
0.83280		1.310326e-10		4.284342e-11
0.83588		1.285818e-10		4.525604e-11
0.83895		1.303236e-10		4.407323e-11
0.84202		1.327917e-10		4.301902e-11
0.84510		1.337559e-10		4.479226e-11
0.84817		1.410529e-10		4.013369e-11
0.85124		1.311023e-10		4.323299e-11
0.85431		1.353985e-10		4.303892e-11
0.85739		1.279780e-10		4.256126e-11
0.86046		1.376362e-10		4.406700e-11
0.86353		1.243067e-10		4.853068e-11
0.86661		1.344464e-10		4.071945e-11
0.86968		1.263224e-10		4.585450e-11
0.87275		1.301730e-10		4.121989e-11
0.87583		1.287389e-10		4.132693e-11
0.87890		1.376409e-10		4.623842e-11
0.88197		1.349444e-10		4.196955e-11
0.88505		1.352412e-10		4.481507e-11
0.88812		1.394349e-10		4.197918e-11
0.89119		1.314455e-10		4.348402e-11
0.89426		1.288415e-10		3.925377e-11
0.89734		1.314395e-10		4.312658e-11
0.90041		1.381670e-10		4.146900e-11
0.90348		1.390081e-10		4.130748e-11
0.90656		1.326062e-10		4.751786e-11
0.90963		1.252564e-10		3.866880e-11
0.91270		1.310572e-10		3.866954e-11
0.91578		1.269302e-10		4.101505e-11
0.91885		1.229292e-10		4.359874e-11
0.92192		1.250172e-10		4.094191e-11
0.92499		1.321721e-10		4.424466e-11
0.92807		1.322180e-10		4.669692e-11
0.93114		1.317567e-10		4.177209e-11
0.93421		1.298323e-10		4.272100e-11
0.93729		1.303325e-10		4.480749e-11
0.94036		1.262257e-10		3.599057e-11
0.94343		1.316230e-10		4.463230e-11
0.94651		1.273524e-10		4.119276e-11
0.94958		1.229789e-10		4.218318e-11
0.95265		1.270577e-10		4.512063e-11
0.95573		1.289923e-10		4.013797e-11
0.95880		1.376997e-10		4.054696e-11
0.96187		1.279047e-10		3.787467e-11
0.96494		1.228206e-10		4.141138e-11
0.96802		1.287464e-10		3.956748e-11
0.97109		1.283538e-10		4.229565e-11
0.97416		1.288319e-10		3.763186e-11
0.97724		1.288284e-10		3.880824e-11
0.98031		1.322419e-10		4.046849e-11
0.98338		1.252464e-10		4.007335e-11
0.98646		1.322850e-10		4.555334e-11
0.98953		1.279120e-10		3.838173e-11
0.99260		1.347725e-10		4.288376e-11
0.99568		1.294638e-10		4.168927e-11
0.99875		1.354827e-10		4.511878e-11
1.00182		1.231975e-10		3.977597e-11
1.00489		1.213858e-10		3.912493e-11
1.00797		1.281264e-10		4.245285e-11
1.01104		1.252008e-10		4.235009e-11
1.01411		1.215236e-10		4.312360e-11
1.01719		1.257187e-10		4.260001e-11
1.02026		1.326421e-10		3.790712e-11
1.02333		1.266367e-10		4.102992e-11
1.02641		1.244061e-10		4.028600e-11
1.02948		1.259882e-10		4.299152e-11
1.03255		1.318968e-10		3.932633e-11
1.03563		1.196558e-10		3.982677e-11
1.03870		1.238624e-10		4.134693e-11
1.04177		1.265879e-10		4.000586e-11
1.04484		1.293765e-10		4.335466e-11
1.04792		1.244024e-10		3.975445e-11
1.05099		1.296890e-10		4.136361e-11
1.05406		1.273179e-10		4.044073e-11
1.05714		1.235830e-10		3.984754e-11
1.06021		1.282203e-10		3.806756e-11
1.06328		1.293557e-10		3.784932e-11
1.06636		1.217782e-10		3.968210e-11
1.06943		1.278686e-10		4.158188e-11
1.07250		1.174957e-10		3.723262e-11
1.07558		1.223752e-10		4.072960e-11
1.07865		1.282571e-10		3.924124e-11
1.08172		1.290353e-10		3.660979e-11
1.08479		1.164320e-10		3.940821e-11
1.08787		1.215486e-10		4.126042e-11
1.09094		1.196010e-10		3.817144e-11
1.09401		1.294762e-10		4.290212e-11
1.09709		1.205615e-10		4.001267e-11
1.10016		1.212828e-10		3.757580e-11
1.10323		1.200034e-10		4.019957e-11
1.10631		1.271078e-10		3.465541e-11
1.10938		1.292990e-10		3.913642e-11
1.11245		1.259311e-10		4.004535e-11
1.11553		1.210949e-10		3.972449e-11
1.11860		1.243135e-10		4.141554e-11
1.12167		1.309427e-10		3.839464e-11
1.12474		1.257739e-10		3.884338e-11
1.12782		1.260068e-10		4.182297e-11
1.13089		1.258065e-10		3.451294e-11
1.13396		1.271915e-10		3.957331e-11
1.13704		1.256050e-10		4.009062e-11
1.14011		1.254497e-10		4.029339e-11
1.14318		1.201979e-10		3.637673e-11
1.14626		1.193016e-10		4.020518e-11
1.14933		1.192536e-10		4.024579e-11
1.15240		1.194109e-10		3.791018e-11
1.15548		1.231709e-10		4.069259e-11
1.15855		1.137611e-10		4.071242e-11
1.16162		1.207866e-10		3.905310e-11
1.16469		1.236464e-10		4.031350e-11
1.16777		1.255978e-10		3.618986e-11
1.17084		1.204602e-10		3.812942e-11
1.17391		1.144683e-10		3.978497e-11
1.17699		1.232420e-10		3.762460e-11
1.18006		1.156949e-10		3.760037e-11
1.18313		1.231928e-10		4.019363e-11
1.18621		1.243299e-10		3.578857e-11
1.18928		1.174533e-10		3.842212e-11
1.19235		1.236579e-10		3.602748e-11
1.19543		1.252145e-10		3.734990e-11
1.19850		1.204936e-10		3.760233e-11
1.20157		1.156215e-10		3.974585e-11
1.20464		1.188406e-10		3.792407e-11
1.20772		1.217137e-10		4.009424e-11
1.21079		1.151648e-10		3.770440e-11
1.21386		1.206955e-10		3.708717e-11
1.21694		1.079611e-10		3.685485e-11
1.22001		1.179615e-10		3.609099e-11
1.22308		1.202601e-10		3.808811e-11
1.22616		1.240750e-10		3.848968e-11
1.22923		1.211226e-10		3.853405e-11
1.23230		1.146721e-10		3.930148e-11
1.23538		1.173075e-10		3.706468e-11
1.23845		1.249557e-10		3.580926e-11
1.24152		1.206166e-10		4.006851e-11
1.24459		1.164518e-10		3.570112e-11
1.24767		1.124853e-10		3.725238e-11
1.25074		1.172086e-10		4.257922e-11
1.25381		1.134995e-10		3.416378e-11
1.25689		1.170357e-10		3.689673e-11
1.25996		1.182772e-10		3.723864e-11
1.26303		1.219445e-10		3.813237e-11
1.26611		1.255476e-10		3.741153e-11
1.26918		1.205846e-10		3.298208e-11
1.27225		1.163617e-10		3.504246e-11
1.27533		1.225341e-10		3.763273e-11
1.27840		1.159484e-10		3.553898e-11
1.28147		1.071363e-10		3.379535e-11
1.28454		1.124752e-10		3.632407e-11
1.28762		1.171131e-10		3.435427e-11
1.29069		1.127687e-10		3.857318e-11
1.29376		1.177453e-10		3.580205e-11
1.29684		1.160453e-10		3.687691e-11
1.29991		1.150534e-10		3.646049e-11
1.30298		1.209769e-10		3.271541e-11
1.30606		1.134833e-10		3.771213e-11
1.30913		1.169985e-10		3.741660e-11
1.31220		1.085558e-10		3.790077e-11
1.31528		1.072940e-10		3.315489e-11
1.31835		1.107013e-10		3.646072e-11
1.32142		1.122415e-10		3.810672e-11
1.32449		1.132323e-10		3.883523e-11
1.32757		1.130207e-10		3.752141e-11
1.33064		1.108760e-10		3.919917e-11
1.33371		1.156413e-10		3.744686e-11
1.33679		1.178661e-10		3.353947e-11
1.33986		1.079533e-10		3.575180e-11
1.34293		1.151897e-10		3.753501e-11
1.34601		1.123101e-10		3.861285e-11
1.34908		1.079327e-10		3.435048e-11
1.35215		1.077981e-10		3.480789e-11
1.35523		1.130376e-10		3.592523e-11
1.35830		1.102134e-10		3.604723e-11
1.36137		1.054154e-10		3.545352e-11
1.36444		1.109557e-10		3.300638e-11
1.36752		1.132059e-10		3.769111e-11
1.37059		1.114530e-10		3.461589e-11
1.37366		1.090812e-10		3.571932e-11
1.37674		1.073482e-10		3.710599e-11
1.37981		1.046942e-10		3.682606e-11
1.38288		1.119295e-10		3.258921e-11
1.38596		1.093927e-10		3.588358e-11
1.38903		1.078587e-10		3.604894e-11
1.39210		1.099057e-10		3.452279e-11
1.39518		1.067933e-10		3.594330e-11
1.39825		9.739980e-11		3.690529e-11
1.40132		1.075874e-10		3.381769e-11
1.40439		1.043421e-10		3.259131e-11
1.40747		1.061314e-10		3.737114e-11
1.41054		1.097552e-10		3.488633e-11
1.41361		1.108220e-10		3.368363e-11
1.41669		1.055834e-10		3.576965e-11
1.41976		1.015062e-10		3.547480e-11
1.42283		1.089041e-10		3.568355e-11
1.42591		1.058009e-10		3.482920e-11
1.42898		1.084547e-10		3.250921e-11
1.43205		1.092283e-10		3.557560e-11
1.43513		1.089587e-10		3.763610e-11
1.43820		1.073984e-10		3.388637e-11
1.44127		1.051833e-10		3.486684e-11
1.44434		1.094616e-10		3.468042e-11
1.44742		1.047956e-10		3.393022e-11
1.45049		1.099527e-10		3.153317e-11
1.45356		1.016378e-10		3.324823e-11
1.45664		1.091304e-10		3.431535e-11
1.45971		1.083921e-10		3.290367e-11
1.46278		1.015023e-10		2.908273e-11
1.46586		1.030133e-10		3.308242e-11
1.46893		9.937475e-11		3.499546e-11
1.47200		1.099741e-10		3.433055e-11
1.47508		1.020643e-10		3.075417e-11
1.47815		1.068197e-10		3.190292e-11
1.48122		1.021641e-10		3.196901e-11
1.48429		1.083022e-10		3.163108e-11
1.48737		1.043038e-10		3.144343e-11
1.49044		1.028557e-10		3.522609e-11
1.49351		1.045883e-10		3.385818e-11
1.49659		1.039140e-10		3.263319e-11
1.49966		1.026063e-10		3.552623e-11
1.50273		1.054265e-10		3.669059e-11
1.50581		9.431191e-11		3.160757e-11
1.50888		9.495476e-11		3.275530e-11
1.51195		1.048637e-10		3.127041e-11
1.51503		9.995116e-11		3.446144e-11
1.51810		1.009398e-10		3.123759e-11
1.52117		1.041688e-10		3.238477e-11
1.52424		1.023977e-10		3.166024e-11
1.52732		1.020921e-10		3.265497e-11
1.53039		1.003221e-10		3.506490e-11
1.53346		1.022972e-10		3.117958e-11
1.53654		1.050503e-10		3.084973e-11
1.53961		1.044904e-10		3.116862e-11
1.54268		1.003304e-10		3.291636e-11
1.54576		9.691303e-11		3.120920e-11
1.54883		9.743255e-11		3.300079e-11
1.55190		1.067697e-10		3.338553e-11
1.55497		9.949957e-11		3.240247e-11
1.55805		9.399432e-11		3.322337e-11
1.56112		1.069971e-10		3.594664e-11
1.56419		9.947494e-11		3.390935e-11
1.56727		9.583443e-11		3.271955e-11
1.57034		9.997359e-11		3.245689e-11
1.57341		1.022732e-10		3.159291e-11
1.57649		1.006320e-10		3.232372e-11
1.57956		1.014195e-10		3.062332e-11
1.58263		9.834864e-11		3.484071e-11
1.58571		9.936733e-11		3.141745e-11
1.58878		9.991877e-11		3.216791e-11
1.59185		1.084299e-10		3.245096e-11
1.59492		9.685847e-11		3.046063e-11
1.59800		1.016427e-10		3.321552e-11
1.60107		9.731584e-11		3.031837e-11
1.60414		9.383906e-11		3.048078e-11
1.60722		1.011940e-10		3.454270e-11
1.61029		9.551684e-11		3.201101e-11
1.61336		9.133036e-11		3.126520e-11
1.61644		9.636151e-11		3.023091e-11
1.61951		9.810383e-11		2.984744e-11
1.62258		9.753537e-11		2.865690e-11
1.62566		9.542564e-11		2.953563e-11
1.62873		9.388738e-11		3.054808e-11
1.63180		9.696743e-11		3.078854e-11
1.63487		9.258414e-11		3.044646e-11
1.63795		9.738535e-11		3.269057e-11
1.64102		9.566902e-11		2.936728e-11
1.64409		9.546657e-11		3.209700e-11
1.64717		9.216147e-11		3.171492e-11
1.65024		9.302067e-11		3.206798e-11
1.65331		9.275024e-11		2.987311e-11
1.65639		1.004187e-10		3.105121e-11
1.65946		9.492588e-11		3.020286e-11
1.66253		9.502708e-11		2.762392e-11
1.66561		9.231855e-11		3.283720e-11
1.66868		9.247940e-11		3.370821e-11
1.67175		9.569105e-11		3.000558e-11
1.67482		9.574615e-11		3.250291e-11
1.67790		9.684332e-11		3.066790e-11
1.68097		9.086806e-11		2.898509e-11
1.68404		9.231162e-11		2.994766e-11
1.68712		9.409892e-11		3.006548e-11
1.69019		9.404667e-11		2.977922e-11
1.69326		9.163566e-11		2.984355e-11
1.69634		9.057404e-11		2.919001e-11
1.69941		9.058566e-11		2.754724e-11
1.70248		9.566972e-11		2.909107e-11
1.70556		9.191426e-11		2.858036e-11
1.70863		9.363295e-11		2.699394e-11
1.71170		9.157589e-11		3.273464e-11
1.71477		9.269664e-11		3.007475e-11
1.71785		8.973853e-11		2.727942e-11
1.72092		8.707246e-11		2.609405e-11
1.72399		9.035764e-11		2.791177e-11
1.72707		8.825286e-11		3.037995e-11
1.73014		8.491821e-11		2.736171e-11
1.73321		9.196027e-11		2.827867e-11
1.73629		8.504532e-11		2.589141e-11
1.73936		8.860417e-11		2.835287e-11
1.74243		9.284014e-11		3.191710e-11
1.74551		9.046931e-11		3.105614e-11
1.74858		8.525827e-11		2.986150e-11
1.75165		9.034352e-11		2.771187e-11
1.75472		8.968475e-11		2.638008e-11
1.75780		8.710256e-11		2.733975e-11
1.76087		8.606508e-11		2.864021e-11
1.76394		8.342672e-11		2.937101e-11
1.76702		8.526415e-11		3.160753e-11
1.77009		8.962406e-11		2.719960e-11
1.77316		8.619484e-11		2.759875e-11
1.77624		8.484202e-11		2.646958e-11
1.77931		8.758566e-11		2.798974e-11
1.78238		8.957244e-11		2.760239e-11
1.78546		8.475414e-11		2.917668e-11
1.78853		8.030657e-11		2.800814e-11
1.79160		8.259254e-11		2.649191e-11
1.79467		8.566665e-11		2.747384e-11
1.79775		8.856812e-11		2.902379e-11
1.80082		8.406467e-11		2.708904e-11
1.80389		8.151932e-11		2.660879e-11
1.80697		8.634419e-11		2.724107e-11
1.81004		8.527903e-11		2.867192e-11
1.81311		8.806808e-11		2.696744e-11
1.81619		8.442995e-11		2.655297e-11
1.81926		8.539826e-11		2.639271e-11
1.82233		7.976953e-11		2.549446e-11
1.82541		8.271195e-11		2.812405e-11
1.82848		8.875116e-11		2.584695e-11
1.83155		7.971440e-11		2.783794e-11
1.83462		8.034676e-11		2.696704e-11
1.83770		8.709439e-11		2.751309e-11
1.84077		7.765593e-11		2.806684e-11
1.84384		7.888215e-11		2.763221e-11
1.84692		8.006347e-11		2.690649e-11
1.84999		8.310031e-11		2.562009e-11
1.85306		8.002909e-11		2.605260e-11
1.85614		8.721794e-11		2.906375e-11
1.85921		8.253428e-11		2.542568e-11
1.86228		7.857754e-11		2.801931e-11
1.86536		7.866854e-11		2.816438e-11
1.86843		7.885250e-11		2.788936e-11
1.87150		7.808376e-11		2.522062e-11
1.87457		7.945545e-11		2.922371e-11
1.87765		8.381636e-11		2.462195e-11
1.88072		7.695029e-11		2.587818e-11
1.88379		8.060498e-11		2.926656e-11
1.88687		7.720389e-11		2.469878e-11
1.88994		7.625810e-11		2.407736e-11
1.89301		7.824487e-11		2.518627e-11
1.89609		7.952193e-11		2.571489e-11
1.89916		7.720451e-11		2.794799e-11
1.90223		8.048740e-11		2.504626e-11
1.90531		8.296094e-11		2.450177e-11
1.90838		8.023623e-11		2.878795e-11
1.91145		7.900445e-11		2.513098e-11
1.91452		8.105622e-11		2.455560e-11
1.91760		7.587792e-11		2.699728e-11
1.92067		7.838629e-11		2.563591e-11
1.92374		7.507143e-11		2.356613e-11
1.92682		7.396051e-11		2.302128e-11
1.92989		7.483100e-11		2.660059e-11
1.93296		7.729313e-11		2.736467e-11
1.93604		7.790847e-11		2.389278e-11
1.93911		7.474344e-11		2.546662e-11
1.94218		7.756506e-11		2.303164e-11
1.94526		6.892434e-11		2.602053e-11
1.94833		7.473367e-11		2.564206e-11
1.95140		7.646625e-11		2.198963e-11
1.95447		7.549892e-11		2.346093e-11
1.95755		7.346360e-11		2.469254e-11
1.96062		6.868842e-11		2.172691e-11
1.96369		7.435539e-11		2.432242e-11
1.96677		7.684153e-11		2.329197e-11
1.96984		7.408251e-11		2.292404e-11
1.97291		7.085155e-11		2.387733e-11
1.97599		7.570593e-11		2.431162e-11
1.97906		7.356130e-11		2.430496e-11
1.98213		7.426976e-11		2.591914e-11
1.98521		6.950272e-11		2.424941e-11
1.98828		7.420219e-11		2.367570e-11
1.99135		7.663392e-11		2.151054e-11
1.99442		7.044751e-11		2.394870e-11
1.99750		7.195541e-11		2.277099e-11
2.00057		6.819554e-11		2.042699e-11
2.00364		7.148882e-11		2.341805e-11
2.00672		7.043614e-11		2.250613e-11
2.00979		7.114017e-11		2.422843e-11
2.01286		7.081800e-11		2.395930e-11
2.01594		7.097659e-11		2.337243e-11
2.01901		6.913667e-11		2.050673e-11
2.02208		6.964164e-11		2.110139e-11
2.02516		6.816692e-11		2.358590e-11
2.02823		6.614922e-11		2.302225e-11
2.03130		6.928388e-11		2.270114e-11
2.03437		6.631067e-11		2.290353e-11
2.03745		7.144051e-11		2.364062e-11
2.04052		7.344076e-11		2.292522e-11
2.04359		7.133031e-11		2.237725e-11
2.04667		6.708123e-11		2.154977e-11
2.04974		7.032052e-11		2.246766e-11
2.05281		6.476825e-11		2.414884e-11
2.05589		7.115978e-11		2.211604e-11
2.05896		6.591049e-11		2.436563e-11
2.06203		6.517055e-11		2.286752e-11
2.06511		6.673397e-11		2.245209e-11
2.06818		6.887133e-11		2.223686e-11
2.07125		6.745655e-11		2.228556e-11
2.07432		6.811678e-11		2.264890e-11
2.07740		6.615800e-11		2.089281e-11
2.08047		6.314840e-11		2.310236e-11
2.08354		6.718525e-11		2.123727e-11
2.08662		6.293911e-11		2.306520e-11
2.08969		6.804090e-11		2.293133e-11
2.09276		6.525038e-11		1.778672e-11
2.09584		6.220142e-11		2.263595e-11
2.09891		6.858424e-11		2.066022e-11
2.10198		6.358261e-11		2.062230e-11
2.10506		6.129780e-11		2.010733e-11
2.10813		6.057911e-11		2.097926e-11
2.11120		6.438244e-11		2.238930e-11
2.11427		5.900291e-11		2.109410e-11
2.11735		6.092258e-11		2.109416e-11
2.12042		6.232861e-11		2.173729e-11
2.12349		5.794350e-11		2.029504e-11
2.12657		6.144960e-11		2.037736e-11
2.12964		6.113230e-11		2.122316e-11
2.13271		5.715050e-11		2.183947e-11
2.13579		6.351962e-11		2.035801e-11
2.13886		6.319234e-11		2.092466e-11
2.14193		5.865405e-11		2.182218e-11
2.14501		6.498447e-11		2.064580e-11
2.14808		5.854159e-11		2.027498e-11
2.15115		5.998243e-11		1.977325e-11
2.15422		5.736156e-11		1.996126e-11
2.15730		6.103002e-11		2.088610e-11
2.16037		5.695178e-11		1.906946e-11
2.16344		5.764929e-11		1.977934e-11
2.16652		5.948152e-11		2.066007e-11
2.16959		6.166632e-11		1.954320e-11
2.17266		5.970682e-11		1.898836e-11
2.17574		5.461046e-11		1.818754e-11
2.17881		5.615119e-11		2.039243e-11
2.18188		5.838911e-11		1.865815e-11
2.18495		5.700090e-11		1.953397e-11
2.18803		5.533360e-11		1.982340e-11
2.19110		5.900374e-11		1.885211e-11
2.19417		5.534874e-11		2.045402e-11
2.19725		5.771432e-11		1.885122e-11
2.20032		5.588059e-11		2.044183e-11
2.20339		5.751790e-11		1.878553e-11
2.20647		5.762012e-11		1.802080e-11
2.20954		5.364099e-11		1.815717e-11
2.21261		5.929940e-11		1.803668e-11
2.21569		5.309492e-11		1.846213e-11
2.21876		5.513786e-11		1.895162e-11
2.22183		5.433928e-11		1.715467e-11
2.22490		5.472207e-11		1.606515e-11
2.22798		5.775369e-11		1.729196e-11
2.23105		5.422690e-11		1.956437e-11
2.23412		5.451429e-11		1.902689e-11
2.23720		5.577559e-11		1.916753e-11
2.24027		5.345498e-11		1.765443e-11
2.24334		5.191132e-11		1.659613e-11
2.24642		5.180762e-11		1.784297e-11
2.24949		5.443641e-11		1.943113e-11
2.25256		5.733791e-11		1.895069e-11
2.25564		5.175780e-11		1.718408e-11
2.25871		4.799146e-11		1.755261e-11
2.26178		4.941422e-11		1.752981e-11
2.26485		5.166210e-11		1.801849e-11
2.26793		4.907945e-11		1.645478e-11
2.27100		5.181400e-11		1.686956e-11
2.27407		5.034017e-11		1.771361e-11
2.27715		4.802623e-11		1.788242e-11
2.28022		5.217224e-11		1.848751e-11
2.28329		5.162262e-11		1.859261e-11
2.28637		5.042353e-11		1.722411e-11
2.28944		5.130544e-11		1.730093e-11
2.29251		5.315680e-11		1.653594e-11
2.29559		4.763753e-11		1.641732e-11
2.29866		4.834449e-11		1.773698e-11
2.30173		4.923624e-11		1.664635e-11
2.30480		4.630396e-11		1.724478e-11
2.30788		4.910244e-11		1.741741e-11
2.31095		4.772886e-11		1.727579e-11
2.31402		5.022663e-11		1.554193e-11
2.31710		4.979382e-11		1.502941e-11
2.32017		4.904663e-11		1.601756e-11
2.32324		4.680729e-11		1.705710e-11
2.32632		4.925027e-11		1.504891e-11
2.32939		4.847890e-11		1.642682e-11
2.33246		4.615890e-11		1.821330e-11
2.33554		4.938606e-11		1.808456e-11
2.33861		4.588958e-11		1.669073e-11
2.34168		4.638293e-11		1.654845e-11
2.34475		4.901994e-11		1.593929e-11
2.34783		4.753151e-11		1.509015e-11
2.35090		4.933880e-11		1.652505e-11
2.35397		4.375912e-11		1.691687e-11
2.35705		4.449216e-11		1.667098e-11
2.36012		4.076467e-11		1.625573e-11
2.36319		4.535334e-11		1.616018e-11
2.36627		4.480302e-11		1.519985e-11
2.36934		4.476956e-11		1.500170e-11
2.37241		4.257127e-11		1.475591e-11
2.37549		4.333162e-11		1.423344e-11
2.37856		4.429776e-11		1.499695e-11
2.38163		4.149149e-11		1.669539e-11
2.38470		4.143098e-11		1.524683e-11
2.38778		4.523488e-11		1.537565e-11
2.39085		4.359729e-11		1.561996e-11
2.39392		4.303120e-11		1.551231e-11
2.39700		4.303723e-11		1.494145e-11
2.40007		4.181316e-11		1.629177e-11
2.40314		4.162839e-11		1.516962e-11
2.40622		4.265104e-11		1.471177e-11
2.40929		4.041984e-11		1.474929e-11
2.41236		3.965227e-11		1.274424e-11
2.41544		4.019311e-11		1.527537e-11
2.41851		4.153114e-11		1.588209e-11
2.42158		3.893758e-11		1.467117e-11
2.42465		3.886513e-11		1.480388e-11
2.42773		3.773188e-11		1.433195e-11
2.43080		4.155397e-11		1.386756e-11
2.43387		4.093790e-11		1.495009e-11
2.43695		3.735786e-11		1.495332e-11
2.44002		3.676916e-11		1.204909e-11
2.44309		3.879675e-11		1.302985e-11
2.44617		3.572420e-11		1.358033e-11
2.44924		3.509320e-11		1.471452e-11
2.45231		3.880738e-11		1.324261e-11
2.45539		3.707300e-11		1.419278e-11
2.45846		3.757752e-11		1.389955e-11
2.46153		3.862496e-11		1.395963e-11
2.46460		3.668637e-11		1.402511e-11
2.46768		3.755082e-11		1.365266e-11
2.47075		3.594972e-11		1.295534e-11
2.47382		3.515964e-11		1.428724e-11
2.47690		3.700021e-11		1.278648e-11
2.47997		3.859477e-11		1.378166e-11
2.48304		3.574687e-11		1.329896e-11
2.48612		3.352560e-11		1.357093e-11
2.48919		3.435457e-11		1.256907e-11
2.49226		3.387435e-11		1.225566e-11
2.49534		3.273420e-11		1.357591e-11
2.49841		3.488500e-11		1.335344e-11
2.50148		3.258411e-11		1.245067e-11
2.50455		3.236498e-11		1.476523e-11
2.50763		3.399735e-11		1.307135e-11
2.51070		3.295561e-11		1.327578e-11
2.51377		3.351036e-11		1.159614e-11
2.51685		3.328721e-11		1.343534e-11
2.51992		3.287633e-11		1.167591e-11
2.52299		3.250336e-11		1.181536e-11
2.52607		3.144995e-11		1.197593e-11
2.52914		2.989558e-11		1.264097e-11
2.53221		3.131917e-11		1.072635e-11
2.53529		2.892040e-11		1.231049e-11
2.53836		3.142642e-11		1.155464e-11
2.54143		3.144971e-11		1.163244e-11
2.54450		3.112255e-11		1.069565e-11
2.54758		2.931522e-11		1.243473e-11
2.55065		2.970672e-11		1.169521e-11
2.55372		2.938576e-11		1.253214e-11
2.55680		3.010482e-11		1.189217e-11
2.55987		2.869501e-11		1.048034e-11
2.56294		2.915918e-11		1.105578e-11
2.56602		2.876139e-11		1.063117e-11
2.56909		2.906953e-11		1.068188e-11
2.57216		2.809144e-11		1.120913e-11
2.57524		2.885938e-11		1.183166e-11
2.57831		2.792554e-11		1.066105e-11
2.58138		2.810563e-11		1.047123e-11
2.58445		2.800288e-11		1.183491e-11
2.58753		2.724999e-11		1.053589e-11
2.59060		2.953785e-11		1.017953e-11
2.59367		2.626584e-11		1.118731e-11
2.59675		2.684379e-11		1.071643e-11
2.59982		2.450371e-11		1.003420e-11
2.60289		2.761795e-11		1.039877e-11
2.60597		2.493402e-11		1.130685e-11
2.60904		2.464658e-11		1.084423e-11
2.61211		2.559693e-11		1.010547e-11
2.61519		2.456240e-11		1.037333e-11
2.61826		2.435359e-11		1.033634e-11
2.62133		2.528595e-11		9.753294e-12
2.62440		2.492868e-11		1.067093e-11
2.62748		2.259958e-11		1.057420e-11
2.63055		2.540766e-11		9.903554e-12
2.63362		2.402889e-11		1.003835e-11
2.63670		2.302364e-11		1.123910e-11
2.63977		2.431669e-11		9.549488e-12
2.64284		2.328280e-11		1.093128e-11
2.64592		2.375391e-11		9.926728e-12
2.64899		2.209176e-11		1.003150e-11
2.65206		2.331351e-11		1.013427e-11
2.65514		2.149808e-11		1.011577e-11
2.65821		2.051802e-11		1.043974e-11
2.66128		2.162247e-11		9.594403e-12
2.66435		2.103453e-11		1.000066e-11
2.66743		2.043608e-11		1.009758e-11
2.67050		2.125952e-11		8.457386e-12
2.67357		2.118961e-11		1.013736e-11
2.67665		1.899463e-11		9.664790e-12
2.67972		1.941396e-11		9.957128e-12
2.68279		2.062133e-11		8.404916e-12
2.68587		1.932414e-11		8.182635e-12
2.68894		1.963987e-11		9.817284e-12
2.69201		2.106331e-11		9.308515e-12
2.69509		1.853314e-11		9.829793e-12
2.69816		1.881086e-11		9.471898e-12
2.70123		1.855252e-11		9.974671e-12
2.70430		1.875983e-11		8.733343e-12
2.70738		1.815330e-11		8.192172e-12
2.71045		1.940062e-11		8.729777e-12
2.71352		1.687537e-11		7.927033e-12
2.71660		1.776385e-11		8.373036e-12
2.71967		1.710655e-11		8.805349e-12
2.72274		1.607108e-11		8.296121e-12
2.72582		1.668322e-11		9.118448e-12
2.72889		1.534024e-11		9.098038e-12
2.73196		1.722195e-11		9.418287e-12
2.73504		1.544528e-11		8.566761e-12
2.73811		1.546272e-11		8.767078e-12
2.74118		1.475814e-11		8.955153e-12
2.74425		1.559986e-11		7.845423e-12
2.74733		1.511874e-11		7.977240e-12
2.75040		1.416458e-11		8.192633e-12
2.75347		1.423194e-11		8.534183e-12
2.75655		1.379634e-11		8.449592e-12
2.75962		1.339905e-11		8.018671e-12
2.76269		1.377790e-11		8.746830e-12
2.76577		1.430920e-11		7.801515e-12
2.76884		1.334880e-11		8.082736e-12
2.77191		1.222488e-11		8.147227e-12
2.77498		1.351578e-11		7.586342e-12
2.77806		1.110377e-11		7.419266e-12
2.78113		1.086336e-11		7.918766e-12
2.78420		1.168394e-11		7.302074e-12
2.78728		1.026356e-11		8.010402e-12
2.79035		1.038105e-11		8.178272e-12
2.79342		1.033878e-11		7.829320e-12
2.79650		1.156828e-11		7.579298e-12
2.79957		1.007042e-11		8.163880e-12
2.80264		9.641495e-12		8.141739e-12
2.80572		9.098509e-12		6.544296e-12
2.80879		1.042249e-11		6.779522e-12
2.81186		9.852449e-12		7.846983e-12
2.81493		9.454453e-12		8.032104e-12
2.81801		7.696055e-12		7.591534e-12
2.82108		9.877289e-12		8.040187e-12
2.82415		8.731614e-12		7.622342e-12
2.82723		8.647342e-12		7.548851e-12
2.83030		7.500398e-12		7.092445e-12
2.83337		7.417851e-12		7.906974e-12
2.83645		6.819621e-12		7.620085e-12
2.83952		7.244462e-12		7.298109e-12
2.84259		7.316561e-12		7.556166e-12
2.84567		5.814929e-12		6.967930e-12
2.84874		5.733807e-12		7.203603e-12
2.85181		7.070065e-12		7.056427e-12
2.85488		5.170316e-12		7.590042e-12
2.85796		5.649939e-12		7.364259e-12
2.86103		4.537766e-12		7.693031e-12
2.86410		6.087747e-12		7.266017e-12
2.86718		4.549699e-12		7.650309e-12
2.87025		4.989476e-12		6.784742e-12
2.87332		2.368566e-12		7.234111e-12
2.87640		3.945623e-12		7.749332e-12
2.87947		4.895921e-12		7.117318e-12
2.88254		2.609445e-12		7.032659e-12
2.88562		3.375558e-12		7.132028e-12
2.88869		3.029840e-12		6.450093e-12
2.89176		2.674133e-12		6.403788e-12
2.89483		3.809068e-12		6.892106e-12
2.89791		2.626589e-12		6.612484e-12
2.90098		1.576638e-12		7.613776e-12
2.90405		1.828404e-12		6.287421e-12
2.90713		2.569892e-12		7.018824e-12
2.91020		1.164573e-12		6.670653e-12
2.91327		2.058182e-12		6.994891e-12
2.91635		1.370497e-12		7.661455e-12
2.91942		6.313554e-13		6.751818e-12
2.92249		-1.523221e-13		7.239083e-12
2.92557		-8.860580e-13		6.897040e-12
2.92864		-9.147506e-14		6.728477e-12
2.93171		3.780912e-13		7.871245e-12
2.93478		-1.041269e-12		7.161157e-12
2.93786		1.290502e-12		7.474439e-12
2.94093		1.211600e-13		7.522818e-12
2.94400		8.344990e-13		6.904830e-12
2.94708		-1.065814e-12		7.205204e-12
2.95015		-3.266941e-13		6.998468e-12
2.95322		6.673750e-13		6.534489e-12
2.95630		4.021295e-14		6.694122e-12
2.95937		-5.072048e-13		7.500552e-12
2.96244		3.666138e-13		7.372371e-12
2.96552		3.697543e-13		6.899300e-12
2.96859		-4.541008e-13		7.620748e-12
2.97166		2.645376e-13		6.989548e-12
2.97473		8.306877e-13		7.865164e-12
2.97781		-1.607125e-13		7.101403e-12
2.98088		6.573465e-13		7.092125e-12
2.98395		-1.986606e-13		6.912683e-12
2.98703		8.407852e-13		6.409506e-12
2.99010		-3.594954e-13		7.043729e-12
2.99317		5.494036e-13		7.328738e-12
2.99625		3.987661e-13		6.727872e-12
2.99932		-5.887722e-13		6.791541e-12
3.00239		6.210576e-13		6.690660e-12
3.00547		2.251830e-13		6.329977e-12
3.00854		4.484344e-13		6.923887e-12
3.01161		2.518974e-13		7.355588e-12
3.01468		-1.304150e-12		7.085887e-12
3.01776		-1.578553e-13		6.814986e-12
3.02083		4.350225e-13		7.460956e-12
3.02390		8.981865e-13		6.752511e-12
3.02698		-1.273249e-12		6.964743e-12
3.03005		-8.366797e-14		7.722239e-12
3.03312		-8.430263e-13		6.404625e-12
3.03620		1.064824e-13		7.218865e-12
3.03927		-2.173878e-13		7.172293e-12
3.04234		-7.602286e-14		7.681248e-12
3.04542		8.758348e-13		6.538267e-12
3.04849		-1.396938e-12		7.216243e-12
3.05156		2.111636e-13		6.695711e-12
3.05463		1.775325e-13		6.963998e-12
3.05771		-3.654393e-13		6.725044e-12
3.06078		1.204617e-12		7.750503e-12
3.06385		-3.125461e-13		7.230013e-12
3.06693		2.500827e-13		6.185918e-12
3.07000		-1.195160e-12		6.757433e-12

Total data points: 1000
