PHOTOELECTRIC EFFECT LAB - RAW DATA
Date: 2026-04-06 17:40:41
Portland State University Physics Dept.
Photocathode: Material #1
Work Function: 4.3700 eV
Wavelength: 2200 Angstroms
Frequency: 1.362693e+15 Hz
============================================================

Raw Current Data:
----------------------------------------
V_r (V)		I_total (A)		sigma_I (A)
0.00000		2.139073e-09		7.316041e-10
0.00130		2.180966e-09		7.096759e-10
0.00260		2.172761e-09		7.495615e-10
0.00390		2.304554e-09		6.614944e-10
0.00521		2.148760e-09		6.750216e-10
0.00651		2.219316e-09		6.967020e-10
0.00781		2.286757e-09		6.510178e-10
0.00911		2.197292e-09		6.852631e-10
0.01041		2.230795e-09		6.790369e-10
0.01171		2.298916e-09		6.696914e-10
0.01301		2.103932e-09		7.185328e-10
0.01431		2.120294e-09		7.257830e-10
0.01562		2.209493e-09		7.334233e-10
0.01692		2.196792e-09		7.431695e-10
0.01822		2.243491e-09		6.745743e-10
0.01952		2.179598e-09		7.082591e-10
0.02082		2.233570e-09		7.131750e-10
0.02212		2.329679e-09		5.913577e-10
0.02342		2.236527e-09		7.280560e-10
0.02472		2.228517e-09		6.903405e-10
0.02603		2.145589e-09		7.037315e-10
0.02733		2.198214e-09		6.917670e-10
0.02863		2.367207e-09		6.630345e-10
0.02993		2.282362e-09		7.662145e-10
0.03123		2.278834e-09		5.808935e-10
0.03253		2.191607e-09		6.766685e-10
0.03383		2.228355e-09		6.888645e-10
0.03514		2.250299e-09		7.119469e-10
0.03644		2.065411e-09		6.553277e-10
0.03774		2.201940e-09		7.480243e-10
0.03904		2.286746e-09		6.997471e-10
0.04034		2.148781e-09		7.061688e-10
0.04164		2.201381e-09		7.205054e-10
0.04294		2.266899e-09		7.198607e-10
0.04424		2.192087e-09		6.863997e-10
0.04555		2.213139e-09		6.718480e-10
0.04685		2.217063e-09		7.182802e-10
0.04815		2.200462e-09		7.531457e-10
0.04945		2.259374e-09		7.376900e-10
0.05075		2.066878e-09		6.762635e-10
0.05205		2.332627e-09		7.313751e-10
0.05335		2.147486e-09		6.702944e-10
0.05465		2.154485e-09		7.057471e-10
0.05596		2.303817e-09		6.711099e-10
0.05726		2.178573e-09		7.394994e-10
0.05856		2.274860e-09		6.949964e-10
0.05986		2.245840e-09		6.902979e-10
0.06116		2.134090e-09		7.065740e-10
0.06246		2.187281e-09		6.877592e-10
0.06376		2.067117e-09		6.717916e-10
0.06507		2.184809e-09		7.074781e-10
0.06637		2.309973e-09		6.320756e-10
0.06767		2.196407e-09		7.477889e-10
0.06897		2.061585e-09		6.450097e-10
0.07027		2.111490e-09		6.568767e-10
0.07157		2.122384e-09		7.113964e-10
0.07287		2.139323e-09		6.799488e-10
0.07417		2.181708e-09		6.059613e-10
0.07548		2.080526e-09		6.315075e-10
0.07678		2.268782e-09		7.148994e-10
0.07808		2.190025e-09		6.332444e-10
0.07938		2.090767e-09		6.512856e-10
0.08068		2.330254e-09		6.637380e-10
0.08198		2.144315e-09		7.572711e-10
0.08328		2.150333e-09		7.037164e-10
0.08458		2.254551e-09		7.718359e-10
0.08589		2.250377e-09		7.068615e-10
0.08719		2.102139e-09		6.313125e-10
0.08849		2.162954e-09		7.486718e-10
0.08979		2.129134e-09		6.667230e-10
0.09109		2.149627e-09		7.588417e-10
0.09239		2.202121e-09		6.805120e-10
0.09369		2.214917e-09		6.585433e-10
0.09499		2.227665e-09		6.770729e-10
0.09630		2.205164e-09		6.915354e-10
0.09760		2.158594e-09		7.542983e-10
0.09890		2.122224e-09		6.886875e-10
0.10020		2.154992e-09		6.993278e-10
0.10150		2.129832e-09		7.128680e-10
0.10280		2.128187e-09		7.190528e-10
0.10410		2.171926e-09		6.299682e-10
0.10541		2.117653e-09		7.470708e-10
0.10671		2.091931e-09		6.593928e-10
0.10801		2.230277e-09		7.435162e-10
0.10931		2.183167e-09		6.305226e-10
0.11061		2.138722e-09		6.841418e-10
0.11191		2.124794e-09		6.782543e-10
0.11321		2.189096e-09		7.413685e-10
0.11451		2.268847e-09		6.609911e-10
0.11582		2.220458e-09		6.816211e-10
0.11712		2.107032e-09		7.024360e-10
0.11842		2.149970e-09		6.403908e-10
0.11972		2.111677e-09		7.029058e-10
0.12102		2.248193e-09		6.384075e-10
0.12232		2.181458e-09		7.032080e-10
0.12362		2.210820e-09		6.605155e-10
0.12492		2.075238e-09		6.907995e-10
0.12623		2.147366e-09		6.731005e-10
0.12753		2.110018e-09		7.380254e-10
0.12883		2.105008e-09		6.725111e-10
0.13013		2.144643e-09		6.248634e-10
0.13143		1.996733e-09		6.989758e-10
0.13273		2.170479e-09		7.085253e-10
0.13403		2.183719e-09		6.553899e-10
0.13534		2.164438e-09		7.124361e-10
0.13664		2.138967e-09		6.741644e-10
0.13794		2.212151e-09		6.745278e-10
0.13924		2.153173e-09		6.839953e-10
0.14054		2.261930e-09		6.901206e-10
0.14184		2.219256e-09		6.535994e-10
0.14314		2.205088e-09		6.102857e-10
0.14444		2.334310e-09		6.283848e-10
0.14575		2.243887e-09		7.083252e-10
0.14705		2.134639e-09		7.455070e-10
0.14835		2.171117e-09		6.571383e-10
0.14965		2.149730e-09		6.699963e-10
0.15095		2.112291e-09		7.159556e-10
0.15225		2.104264e-09		6.456135e-10
0.15355		2.211193e-09		6.850625e-10
0.15485		2.176228e-09		6.914440e-10
0.15616		2.146644e-09		7.031551e-10
0.15746		2.294428e-09		6.767567e-10
0.15876		2.202225e-09		6.537740e-10
0.16006		2.202080e-09		7.018642e-10
0.16136		2.195893e-09		6.378260e-10
0.16266		2.125329e-09		6.463930e-10
0.16396		2.244825e-09		6.437756e-10
0.16527		2.218581e-09		6.727814e-10
0.16657		2.262480e-09		7.012558e-10
0.16787		2.173511e-09		6.674392e-10
0.16917		2.171845e-09		6.099753e-10
0.17047		2.187062e-09		6.862359e-10
0.17177		2.164589e-09		6.886441e-10
0.17307		2.076178e-09		6.623969e-10
0.17437		2.120518e-09		7.276399e-10
0.17568		2.250117e-09		6.449729e-10
0.17698		2.262660e-09		6.349125e-10
0.17828		2.068207e-09		6.953586e-10
0.17958		2.158421e-09		6.583656e-10
0.18088		2.192123e-09		6.725339e-10
0.18218		2.192035e-09		6.171802e-10
0.18348		2.167282e-09		6.200321e-10
0.18478		2.096510e-09		6.238579e-10
0.18609		2.184591e-09		6.375782e-10
0.18739		2.121920e-09		6.423267e-10
0.18869		2.296790e-09		6.706632e-10
0.18999		2.179787e-09		7.528218e-10
0.19129		2.103763e-09		6.665094e-10
0.19259		2.197356e-09		6.711398e-10
0.19389		2.110706e-09		7.225609e-10
0.19520		2.155452e-09		7.097045e-10
0.19650		2.094815e-09		6.485358e-10
0.19780		2.086339e-09		6.618510e-10
0.19910		2.266903e-09		6.527108e-10
0.20040		2.154780e-09		6.521939e-10
0.20170		2.172297e-09		6.186736e-10
0.20300		2.055875e-09		6.678446e-10
0.20430		2.151727e-09		7.026835e-10
0.20561		2.121307e-09		5.852211e-10
0.20691		2.273379e-09		6.550560e-10
0.20821		2.063862e-09		7.028831e-10
0.20951		2.100219e-09		6.185198e-10
0.21081		2.040468e-09		7.012758e-10
0.21211		2.064438e-09		7.204033e-10
0.21341		2.171980e-09		6.909105e-10
0.21471		2.165480e-09		6.517471e-10
0.21602		1.978068e-09		6.764186e-10
0.21732		2.044255e-09		6.647917e-10
0.21862		2.158397e-09		6.876263e-10
0.21992		2.152495e-09		6.539702e-10
0.22122		2.127670e-09		6.356004e-10
0.22252		2.128228e-09		6.439557e-10
0.22382		2.082919e-09		6.120036e-10
0.22513		2.180412e-09		6.990785e-10
0.22643		2.218937e-09		6.973932e-10
0.22773		2.030256e-09		7.097728e-10
0.22903		2.107055e-09		6.692551e-10
0.23033		2.133151e-09		6.150223e-10
0.23163		2.178969e-09		6.092651e-10
0.23293		2.161241e-09		6.868790e-10
0.23423		2.079677e-09		6.856027e-10
0.23554		1.981437e-09		6.210821e-10
0.23684		2.007007e-09		6.441727e-10
0.23814		1.946881e-09		5.862891e-10
0.23944		2.076404e-09		6.969159e-10
0.24074		2.103408e-09		6.523485e-10
0.24204		2.041456e-09		6.681055e-10
0.24334		2.100402e-09		6.393358e-10
0.24464		2.136567e-09		6.623922e-10
0.24595		2.003200e-09		6.608547e-10
0.24725		2.123336e-09		6.650079e-10
0.24855		2.083403e-09		6.364549e-10
0.24985		2.091248e-09		6.528970e-10
0.25115		2.129560e-09		6.209233e-10
0.25245		2.088279e-09		6.779665e-10
0.25375		2.032045e-09		6.558202e-10
0.25506		2.096180e-09		6.444074e-10
0.25636		2.153056e-09		6.755645e-10
0.25766		2.083000e-09		6.325984e-10
0.25896		2.128362e-09		6.906300e-10
0.26026		1.980721e-09		6.891054e-10
0.26156		2.058479e-09		7.110448e-10
0.26286		1.918544e-09		6.508391e-10
0.26416		2.030637e-09		6.567839e-10
0.26547		2.069915e-09		6.514393e-10
0.26677		2.066827e-09		6.853389e-10
0.26807		2.069176e-09		6.660926e-10
0.26937		2.055700e-09		6.332194e-10
0.27067		2.086712e-09		6.835687e-10
0.27197		2.065379e-09		6.435851e-10
0.27327		2.113851e-09		6.378931e-10
0.27457		2.046341e-09		6.178909e-10
0.27588		2.027148e-09		7.043247e-10
0.27718		2.037220e-09		6.215777e-10
0.27848		2.036322e-09		6.802466e-10
0.27978		2.073948e-09		6.099821e-10
0.28108		2.091296e-09		6.716383e-10
0.28238		1.960975e-09		6.298501e-10
0.28368		2.116925e-09		6.494151e-10
0.28498		2.066351e-09		6.527231e-10
0.28629		2.069405e-09		6.258782e-10
0.28759		2.167566e-09		6.346948e-10
0.28889		1.967570e-09		6.599156e-10
0.29019		2.016487e-09		6.487488e-10
0.29149		2.026145e-09		5.809313e-10
0.29279		2.137380e-09		6.369874e-10
0.29409		2.051496e-09		6.417794e-10
0.29540		2.045215e-09		6.425603e-10
0.29670		2.086379e-09		7.184060e-10
0.29800		2.100086e-09		6.416951e-10
0.29930		2.082341e-09		6.541896e-10
0.30060		2.043643e-09		6.047707e-10
0.30190		2.005087e-09		7.204226e-10
0.30320		2.130984e-09		6.211646e-10
0.30450		2.014471e-09		6.320825e-10
0.30581		2.045815e-09		6.690326e-10
0.30711		2.008837e-09		6.157919e-10
0.30841		1.961639e-09		5.612105e-10
0.30971		2.015941e-09		6.784814e-10
0.31101		2.050038e-09		6.171437e-10
0.31231		2.019211e-09		6.479931e-10
0.31361		1.895319e-09		6.419540e-10
0.31491		1.915729e-09		6.231462e-10
0.31622		2.073653e-09		6.102251e-10
0.31752		2.040375e-09		6.766178e-10
0.31882		1.955343e-09		6.277946e-10
0.32012		2.116797e-09		6.165444e-10
0.32142		1.876859e-09		6.654299e-10
0.32272		1.948664e-09		6.667872e-10
0.32402		2.034450e-09		6.215143e-10
0.32533		2.126619e-09		5.781280e-10
0.32663		2.035551e-09		6.393978e-10
0.32793		1.965183e-09		5.790756e-10
0.32923		1.978284e-09		6.201636e-10
0.33053		2.104365e-09		6.432375e-10
0.33183		2.031477e-09		5.864101e-10
0.33313		1.897073e-09		6.396530e-10
0.33443		1.942115e-09		6.476179e-10
0.33574		2.051404e-09		6.504552e-10
0.33704		1.926416e-09		6.414793e-10
0.33834		1.938923e-09		6.800294e-10
0.33964		1.928594e-09		6.376036e-10
0.34094		2.126662e-09		6.796678e-10
0.34224		1.978837e-09		6.354048e-10
0.34354		2.089719e-09		6.333417e-10
0.34484		1.969741e-09		6.762771e-10
0.34615		1.951661e-09		6.033368e-10
0.34745		1.893658e-09		6.219239e-10
0.34875		1.972497e-09		6.216242e-10
0.35005		1.957429e-09		6.660202e-10
0.35135		1.933683e-09		6.251190e-10
0.35265		1.935237e-09		5.999544e-10
0.35395		1.952639e-09		6.100970e-10
0.35526		1.942103e-09		6.532846e-10
0.35656		2.087228e-09		5.941753e-10
0.35786		1.998650e-09		6.612375e-10
0.35916		1.864862e-09		6.416910e-10
0.36046		2.002223e-09		5.954096e-10
0.36176		1.996122e-09		5.817551e-10
0.36306		1.923728e-09		6.375951e-10
0.36436		2.053323e-09		5.975912e-10
0.36567		1.955996e-09		6.267800e-10
0.36697		1.919632e-09		6.065422e-10
0.36827		1.978276e-09		6.691028e-10
0.36957		1.926313e-09		6.531351e-10
0.37087		2.018514e-09		6.971691e-10
0.37217		1.969650e-09		6.251319e-10
0.37347		1.991336e-09		6.241938e-10
0.37477		1.892264e-09		6.356498e-10
0.37608		1.952373e-09		6.216517e-10
0.37738		1.968726e-09		6.404462e-10
0.37868		2.012073e-09		5.709685e-10
0.37998		1.965273e-09		5.881682e-10
0.38128		2.007146e-09		5.758151e-10
0.38258		1.969297e-09		6.423912e-10
0.38388		1.916317e-09		5.942487e-10
0.38519		1.939241e-09		6.101825e-10
0.38649		1.898421e-09		6.683657e-10
0.38779		1.869130e-09		6.410676e-10
0.38909		1.969054e-09		5.578956e-10
0.39039		2.018857e-09		5.906958e-10
0.39169		1.892325e-09		6.666249e-10
0.39299		1.832734e-09		6.191304e-10
0.39429		1.893015e-09		6.209612e-10
0.39560		1.884860e-09		6.135498e-10
0.39690		2.002344e-09		6.150123e-10
0.39820		1.849965e-09		5.785139e-10
0.39950		1.891285e-09		5.961838e-10
0.40080		1.911448e-09		6.113174e-10
0.40210		1.883991e-09		5.874449e-10
0.40340		1.966511e-09		5.603817e-10
0.40470		1.935727e-09		5.658486e-10
0.40601		1.878058e-09		5.705683e-10
0.40731		1.857558e-09		6.061081e-10
0.40861		1.994161e-09		5.631578e-10
0.40991		1.934175e-09		5.838238e-10
0.41121		1.861976e-09		6.604239e-10
0.41251		1.878795e-09		6.491873e-10
0.41381		1.936768e-09		5.869886e-10
0.41512		2.061611e-09		5.860189e-10
0.41642		1.887276e-09		5.970612e-10
0.41772		1.945967e-09		5.843690e-10
0.41902		1.858259e-09		6.660391e-10
0.42032		1.869945e-09		6.186772e-10
0.42162		1.943193e-09		5.809404e-10
0.42292		1.973241e-09		6.190955e-10
0.42422		1.879603e-09		6.083421e-10
0.42553		1.910117e-09		6.229697e-10
0.42683		1.885431e-09		5.913648e-10
0.42813		1.875215e-09		6.063074e-10
0.42943		1.827408e-09		6.073645e-10
0.43073		1.926417e-09		5.872930e-10
0.43203		1.822595e-09		6.096114e-10
0.43333		1.911125e-09		5.678249e-10
0.43463		1.833372e-09		5.904830e-10
0.43594		1.799403e-09		5.992587e-10
0.43724		1.875421e-09		5.816867e-10
0.43854		1.876010e-09		6.392861e-10
0.43984		1.826259e-09		6.424775e-10
0.44114		1.895917e-09		5.949434e-10
0.44244		1.916664e-09		5.962262e-10
0.44374		1.877636e-09		5.405052e-10
0.44505		1.837379e-09		5.433555e-10
0.44635		1.904950e-09		6.160982e-10
0.44765		1.813898e-09		5.976391e-10
0.44895		1.899861e-09		5.786383e-10
0.45025		1.896036e-09		5.471921e-10
0.45155		1.905588e-09		6.354953e-10
0.45285		1.870065e-09		6.304221e-10
0.45415		1.824839e-09		5.768663e-10
0.45546		1.856866e-09		6.112481e-10
0.45676		1.903338e-09		5.744485e-10
0.45806		1.852054e-09		6.088157e-10
0.45936		1.803601e-09		5.958143e-10
0.46066		1.920436e-09		5.858094e-10
0.46196		1.782287e-09		5.587382e-10
0.46326		1.848212e-09		5.775058e-10
0.46456		1.905544e-09		5.594172e-10
0.46587		1.846240e-09		5.073588e-10
0.46717		1.827583e-09		5.356518e-10
0.46847		1.814529e-09		6.009809e-10
0.46977		1.866587e-09		5.831419e-10
0.47107		1.769988e-09		5.744641e-10
0.47237		1.786142e-09		6.090173e-10
0.47367		1.793539e-09		6.012768e-10
0.47497		1.698843e-09		6.162848e-10
0.47628		1.840521e-09		5.705967e-10
0.47758		1.835413e-09		6.085176e-10
0.47888		1.862163e-09		6.286635e-10
0.48018		1.889898e-09		5.952827e-10
0.48148		1.833986e-09		5.914510e-10
0.48278		1.877383e-09		5.754878e-10
0.48408		1.901395e-09		5.765578e-10
0.48539		1.797519e-09		5.260545e-10
0.48669		1.917095e-09		6.070246e-10
0.48799		1.837804e-09		5.260447e-10
0.48929		1.845072e-09		5.941334e-10
0.49059		1.777868e-09		5.419215e-10
0.49189		1.824208e-09		5.875122e-10
0.49319		1.762024e-09		5.481153e-10
0.49449		1.778016e-09		5.918436e-10
0.49580		1.841277e-09		5.469058e-10
0.49710		1.858982e-09		5.781886e-10
0.49840		1.760936e-09		5.915696e-10
0.49970		1.876005e-09		5.979414e-10
0.50100		1.829863e-09		5.350153e-10
0.50230		1.917605e-09		5.520699e-10
0.50360		1.751024e-09		5.647418e-10
0.50490		1.769053e-09		5.661964e-10
0.50621		1.686850e-09		5.738208e-10
0.50751		1.764412e-09		5.657528e-10
0.50881		1.740180e-09		5.519263e-10
0.51011		1.781770e-09		5.647158e-10
0.51141		1.747233e-09		5.619178e-10
0.51271		1.715646e-09		5.476590e-10
0.51401		1.831798e-09		6.109623e-10
0.51532		1.760403e-09		5.492925e-10
0.51662		1.793023e-09		5.740178e-10
0.51792		1.810457e-09		5.297974e-10
0.51922		1.737925e-09		5.439774e-10
0.52052		1.772151e-09		5.392038e-10
0.52182		1.687269e-09		5.570363e-10
0.52312		1.767172e-09		4.912241e-10
0.52442		1.703606e-09		5.873706e-10
0.52573		1.752008e-09		5.765926e-10
0.52703		1.757517e-09		5.604292e-10
0.52833		1.795703e-09		5.670042e-10
0.52963		1.723375e-09		5.419284e-10
0.53093		1.780705e-09		5.527244e-10
0.53223		1.700666e-09		5.198660e-10
0.53353		1.779369e-09		5.513446e-10
0.53483		1.776467e-09		5.116661e-10
0.53614		1.679123e-09		5.423085e-10
0.53744		1.794083e-09		5.536785e-10
0.53874		1.821012e-09		5.959338e-10
0.54004		1.718540e-09		4.837257e-10
0.54134		1.799208e-09		5.485778e-10
0.54264		1.692062e-09		5.674613e-10
0.54394		1.676950e-09		5.280323e-10
0.54525		1.714838e-09		5.193366e-10
0.54655		1.683447e-09		6.015603e-10
0.54785		1.739076e-09		5.543854e-10
0.54915		1.666239e-09		5.276077e-10
0.55045		1.683613e-09		5.574613e-10
0.55175		1.741778e-09		5.537315e-10
0.55305		1.862283e-09		5.575824e-10
0.55435		1.625987e-09		5.091597e-10
0.55566		1.664164e-09		5.549447e-10
0.55696		1.681967e-09		5.584246e-10
0.55826		1.764256e-09		5.274030e-10
0.55956		1.737322e-09		5.153527e-10
0.56086		1.668337e-09		5.270740e-10
0.56216		1.712732e-09		5.256057e-10
0.56346		1.664680e-09		5.674877e-10
0.56476		1.598236e-09		4.934351e-10
0.56607		1.723967e-09		5.146887e-10
0.56737		1.713984e-09		5.928186e-10
0.56867		1.613359e-09		4.976572e-10
0.56997		1.744198e-09		4.990880e-10
0.57127		1.717602e-09		5.218609e-10
0.57257		1.691877e-09		5.424155e-10
0.57387		1.682945e-09		5.057697e-10
0.57518		1.687265e-09		5.230665e-10
0.57648		1.681406e-09		4.949729e-10
0.57778		1.663768e-09		5.599547e-10
0.57908		1.648078e-09		5.230150e-10
0.58038		1.634159e-09		5.259559e-10
0.58168		1.563543e-09		5.418989e-10
0.58298		1.653823e-09		5.099522e-10
0.58428		1.706713e-09		5.084286e-10
0.58559		1.684996e-09		4.948897e-10
0.58689		1.643629e-09		4.886058e-10
0.58819		1.805228e-09		5.111002e-10
0.58949		1.723018e-09		5.498310e-10
0.59079		1.533280e-09		5.106908e-10
0.59209		1.826986e-09		4.748232e-10
0.59339		1.665935e-09		5.249995e-10
0.59469		1.664253e-09		5.326970e-10
0.59600		1.625144e-09		4.982930e-10
0.59730		1.629378e-09		4.821304e-10
0.59860		1.562559e-09		5.014659e-10
0.59990		1.578176e-09		5.059356e-10
0.60120		1.556874e-09		4.815925e-10
0.60250		1.612236e-09		5.086754e-10
0.60380		1.625691e-09		4.951130e-10
0.60511		1.515143e-09		4.762405e-10
0.60641		1.560960e-09		5.104839e-10
0.60771		1.617026e-09		4.299528e-10
0.60901		1.613602e-09		5.208154e-10
0.61031		1.606812e-09		5.115482e-10
0.61161		1.600029e-09		4.863506e-10
0.61291		1.608866e-09		4.993814e-10
0.61421		1.629399e-09		5.015728e-10
0.61552		1.570600e-09		4.804783e-10
0.61682		1.642741e-09		4.776522e-10
0.61812		1.530577e-09		4.755411e-10
0.61942		1.615286e-09		5.278519e-10
0.62072		1.604092e-09		4.767781e-10
0.62202		1.650715e-09		5.237387e-10
0.62332		1.582981e-09		4.756240e-10
0.62462		1.592415e-09		5.007508e-10
0.62593		1.548020e-09		5.116098e-10
0.62723		1.507996e-09		4.622809e-10
0.62853		1.485506e-09		4.592140e-10
0.62983		1.591136e-09		5.024894e-10
0.63113		1.544002e-09		5.220233e-10
0.63243		1.595299e-09		4.789094e-10
0.63373		1.527122e-09		5.013105e-10
0.63504		1.599918e-09		4.914399e-10
0.63634		1.498170e-09		5.170322e-10
0.63764		1.484675e-09		4.463386e-10
0.63894		1.545091e-09		5.519079e-10
0.64024		1.551266e-09		4.039329e-10
0.64154		1.555525e-09		4.762393e-10
0.64284		1.543814e-09		4.893971e-10
0.64414		1.560500e-09		4.839550e-10
0.64545		1.525918e-09		4.563158e-10
0.64675		1.474045e-09		5.246721e-10
0.64805		1.484592e-09		4.754922e-10
0.64935		1.522842e-09		5.052801e-10
0.65065		1.582758e-09		5.119184e-10
0.65195		1.506484e-09		4.824975e-10
0.65325		1.495752e-09		5.051941e-10
0.65455		1.494957e-09		4.975461e-10
0.65586		1.506437e-09		4.557945e-10
0.65716		1.542444e-09		5.029751e-10
0.65846		1.526652e-09		4.661063e-10
0.65976		1.408197e-09		4.937608e-10
0.66106		1.445791e-09		4.582568e-10
0.66236		1.465159e-09		4.601750e-10
0.66366		1.574676e-09		4.594069e-10
0.66496		1.553586e-09		4.770050e-10
0.66627		1.518159e-09		4.376616e-10
0.66757		1.511446e-09		5.149586e-10
0.66887		1.509945e-09		4.446965e-10
0.67017		1.428539e-09		4.555769e-10
0.67147		1.445876e-09		4.523797e-10
0.67277		1.449811e-09		4.823558e-10
0.67407		1.498422e-09		4.850047e-10
0.67538		1.525306e-09		4.738487e-10
0.67668		1.523175e-09		4.602609e-10
0.67798		1.486585e-09		4.431597e-10
0.67928		1.516393e-09		4.768398e-10
0.68058		1.471249e-09		4.581973e-10
0.68188		1.550181e-09		4.384973e-10
0.68318		1.420241e-09		4.247414e-10
0.68448		1.397319e-09		4.505545e-10
0.68579		1.408423e-09		4.774050e-10
0.68709		1.400412e-09		4.540177e-10
0.68839		1.446571e-09		4.866008e-10
0.68969		1.445278e-09		4.123052e-10
0.69099		1.409540e-09		4.522729e-10
0.69229		1.493855e-09		4.621997e-10
0.69359		1.436292e-09		4.060458e-10
0.69489		1.410188e-09		4.419549e-10
0.69620		1.401481e-09		4.398388e-10
0.69750		1.433390e-09		4.589430e-10
0.69880		1.386228e-09		4.364745e-10
0.70010		1.411767e-09		4.792901e-10
0.70140		1.348139e-09		4.573341e-10
0.70270		1.310499e-09		4.264997e-10
0.70400		1.409456e-09		4.736239e-10
0.70531		1.376610e-09		4.492486e-10
0.70661		1.447734e-09		4.563302e-10
0.70791		1.412726e-09		4.027587e-10
0.70921		1.405939e-09		4.613094e-10
0.71051		1.372467e-09		4.370252e-10
0.71181		1.436537e-09		4.254043e-10
0.71311		1.412223e-09		4.297591e-10
0.71441		1.478262e-09		4.378619e-10
0.71572		1.402466e-09		4.384243e-10
0.71702		1.476167e-09		4.510826e-10
0.71832		1.407204e-09		4.107254e-10
0.71962		1.391055e-09		4.538375e-10
0.72092		1.406160e-09		4.664380e-10
0.72222		1.356809e-09		4.605373e-10
0.72352		1.472927e-09		4.286827e-10
0.72482		1.382338e-09		4.267288e-10
0.72613		1.404793e-09		3.996285e-10
0.72743		1.341521e-09		4.426552e-10
0.72873		1.363942e-09		4.632564e-10
0.73003		1.365364e-09		4.176610e-10
0.73133		1.472844e-09		4.130204e-10
0.73263		1.317391e-09		4.622298e-10
0.73393		1.313689e-09		4.160454e-10
0.73524		1.396185e-09		4.231423e-10
0.73654		1.278704e-09		4.229489e-10
0.73784		1.386883e-09		3.932100e-10
0.73914		1.331217e-09		4.097172e-10
0.74044		1.397430e-09		4.402586e-10
0.74174		1.351670e-09		3.997983e-10
0.74304		1.324805e-09		3.946055e-10
0.74434		1.399655e-09		4.335366e-10
0.74565		1.328156e-09		4.370686e-10
0.74695		1.348266e-09		4.510849e-10
0.74825		1.353753e-09		4.686337e-10
0.74955		1.311207e-09		4.165908e-10
0.75085		1.295175e-09		4.244112e-10
0.75215		1.276860e-09		4.107745e-10
0.75345		1.260096e-09		4.404773e-10
0.75475		1.280800e-09		4.217637e-10
0.75606		1.214990e-09		3.940354e-10
0.75736		1.363657e-09		4.283285e-10
0.75866		1.302048e-09		4.313947e-10
0.75996		1.260589e-09		4.148898e-10
0.76126		1.365932e-09		3.797428e-10
0.76256		1.337205e-09		4.054949e-10
0.76386		1.292764e-09		4.232015e-10
0.76517		1.338213e-09		4.269184e-10
0.76647		1.330448e-09		4.046720e-10
0.76777		1.257506e-09		4.410869e-10
0.76907		1.217533e-09		4.175301e-10
0.77037		1.311044e-09		4.154498e-10
0.77167		1.292286e-09		3.715820e-10
0.77297		1.268772e-09		4.404587e-10
0.77427		1.278509e-09		3.436281e-10
0.77558		1.218360e-09		3.915450e-10
0.77688		1.257621e-09		4.042624e-10
0.77818		1.228053e-09		4.000570e-10
0.77948		1.279194e-09		4.243406e-10
0.78078		1.179962e-09		4.064061e-10
0.78208		1.267348e-09		4.117975e-10
0.78338		1.310159e-09		3.917040e-10
0.78468		1.217511e-09		4.005651e-10
0.78599		1.208253e-09		4.029976e-10
0.78729		1.176526e-09		4.220333e-10
0.78859		1.265776e-09		3.636181e-10
0.78989		1.190517e-09		4.151141e-10
0.79119		1.173488e-09		4.260089e-10
0.79249		1.233291e-09		4.017651e-10
0.79379		1.236269e-09		3.665589e-10
0.79510		1.245670e-09		3.680091e-10
0.79640		1.262887e-09		3.667753e-10
0.79770		1.192318e-09		3.636018e-10
0.79900		1.235315e-09		3.933466e-10
0.80030		1.198690e-09		3.811788e-10
0.80160		1.190204e-09		3.853674e-10
0.80290		1.171962e-09		3.789789e-10
0.80420		1.133076e-09		3.767422e-10
0.80551		1.196317e-09		3.506142e-10
0.80681		1.147942e-09		3.816052e-10
0.80811		1.204459e-09		3.686596e-10
0.80941		1.147239e-09		3.724811e-10
0.81071		1.193924e-09		3.637312e-10
0.81201		1.140856e-09		3.648684e-10
0.81331		1.119116e-09		3.551541e-10
0.81461		1.220894e-09		3.747724e-10
0.81592		1.139611e-09		3.610841e-10
0.81722		1.212251e-09		3.336558e-10
0.81852		1.178794e-09		3.711726e-10
0.81982		1.166144e-09		3.668852e-10
0.82112		1.176927e-09		3.887680e-10
0.82242		1.188089e-09		3.625534e-10
0.82372		1.142199e-09		3.370376e-10
0.82503		1.200253e-09		3.605446e-10
0.82633		1.115262e-09		3.649304e-10
0.82763		1.156997e-09		3.433546e-10
0.82893		1.118362e-09		3.777913e-10
0.83023		1.083535e-09		3.658764e-10
0.83153		1.137353e-09		3.487067e-10
0.83283		1.151459e-09		3.487965e-10
0.83413		1.084921e-09		3.681917e-10
0.83544		1.170632e-09		3.500056e-10
0.83674		1.174665e-09		3.530116e-10
0.83804		1.090439e-09		3.561163e-10
0.83934		1.063930e-09		3.409255e-10
0.84064		1.144468e-09		3.370021e-10
0.84194		1.126773e-09		3.387110e-10
0.84324		1.157668e-09		3.517605e-10
0.84454		1.062215e-09		3.196520e-10
0.84585		1.101147e-09		3.453879e-10
0.84715		1.058560e-09		3.799646e-10
0.84845		1.111104e-09		3.241636e-10
0.84975		1.114580e-09		3.321930e-10
0.85105		1.107910e-09		3.505142e-10
0.85235		1.076995e-09		3.583423e-10
0.85365		1.080874e-09		3.268258e-10
0.85495		1.083607e-09		3.430805e-10
0.85626		1.138556e-09		3.420691e-10
0.85756		1.060274e-09		3.520495e-10
0.85886		1.070027e-09		3.462034e-10
0.86016		1.056385e-09		3.137491e-10
0.86146		1.046458e-09		3.453261e-10
0.86276		1.066554e-09		3.380565e-10
0.86406		1.016718e-09		3.654785e-10
0.86537		1.128480e-09		3.559520e-10
0.86667		1.079141e-09		3.204930e-10
0.86797		1.033314e-09		3.609678e-10
0.86927		1.026569e-09		3.412449e-10
0.87057		1.051680e-09		3.355859e-10
0.87187		1.034214e-09		3.265812e-10
0.87317		1.003738e-09		3.690343e-10
0.87447		1.026290e-09		3.299456e-10
0.87578		9.971013e-10		3.151005e-10
0.87708		1.046318e-09		3.119323e-10
0.87838		1.039940e-09		3.273616e-10
0.87968		9.962775e-10		3.264371e-10
0.88098		1.015175e-09		3.158974e-10
0.88228		1.077941e-09		3.228244e-10
0.88358		9.978883e-10		3.256619e-10
0.88488		1.030357e-09		3.122503e-10
0.88619		9.379240e-10		3.158348e-10
0.88749		1.003400e-09		3.004295e-10
0.88879		9.441081e-10		2.910410e-10
0.89009		9.662599e-10		2.937050e-10
0.89139		9.506835e-10		3.265827e-10
0.89269		9.411546e-10		2.952123e-10
0.89399		9.694282e-10		3.154601e-10
0.89530		1.018657e-09		3.074722e-10
0.89660		1.017344e-09		3.014265e-10
0.89790		9.755836e-10		3.086023e-10
0.89920		9.746898e-10		3.513514e-10
0.90050		9.571072e-10		2.979105e-10
0.90180		1.025527e-09		2.988124e-10
0.90310		1.025621e-09		2.992844e-10
0.90440		9.796600e-10		3.107454e-10
0.90571		9.668259e-10		3.042721e-10
0.90701		9.933615e-10		2.722337e-10
0.90831		9.487010e-10		3.100374e-10
0.90961		9.076111e-10		2.904215e-10
0.91091		9.448254e-10		2.848050e-10
0.91221		9.134274e-10		2.884879e-10
0.91351		9.314215e-10		2.899662e-10
0.91481		9.252001e-10		2.995048e-10
0.91612		9.143569e-10		2.907394e-10
0.91742		9.126255e-10		2.987052e-10
0.91872		9.112652e-10		2.860476e-10
0.92002		9.698667e-10		2.847629e-10
0.92132		9.316399e-10		3.068253e-10
0.92262		8.917600e-10		2.734602e-10
0.92392		8.804760e-10		2.799701e-10
0.92523		9.061829e-10		2.724333e-10
0.92653		8.911193e-10		2.858163e-10
0.92783		8.495461e-10		2.787418e-10
0.92913		9.550972e-10		2.890072e-10
0.93043		9.059213e-10		2.696121e-10
0.93173		8.614151e-10		2.807852e-10
0.93303		8.757338e-10		2.691646e-10
0.93433		8.908374e-10		3.092076e-10
0.93564		9.079494e-10		2.683065e-10
0.93694		8.879222e-10		2.754760e-10
0.93824		8.806424e-10		2.650417e-10
0.93954		8.494120e-10		2.693535e-10
0.94084		8.629212e-10		2.780912e-10
0.94214		8.380681e-10		2.751989e-10
0.94344		8.672036e-10		2.627054e-10
0.94474		8.780429e-10		2.784558e-10
0.94605		8.370689e-10		2.983782e-10
0.94735		8.819875e-10		2.754928e-10
0.94865		8.287466e-10		2.403009e-10
0.94995		8.286002e-10		2.942027e-10
0.95125		8.412806e-10		2.719199e-10
0.95255		8.792880e-10		2.599133e-10
0.95385		8.526548e-10		2.525952e-10
0.95516		8.391779e-10		2.730086e-10
0.95646		8.623184e-10		2.622185e-10
0.95776		8.243630e-10		2.565098e-10
0.95906		8.326768e-10		2.704876e-10
0.96036		7.990410e-10		2.484764e-10
0.96166		8.014045e-10		2.631464e-10
0.96296		8.290728e-10		2.479579e-10
0.96426		8.263778e-10		2.522965e-10
0.96557		8.049759e-10		2.789064e-10
0.96687		8.185887e-10		2.750763e-10
0.96817		8.418290e-10		2.622424e-10
0.96947		7.943632e-10		2.445281e-10
0.97077		7.857208e-10		2.460695e-10
0.97207		8.062565e-10		2.385334e-10
0.97337		7.815966e-10		2.569022e-10
0.97467		7.601214e-10		2.366918e-10
0.97598		7.839134e-10		2.430123e-10
0.97728		7.872303e-10		2.536351e-10
0.97858		7.470487e-10		2.557581e-10
0.97988		7.568865e-10		2.551999e-10
0.98118		7.368208e-10		2.548915e-10
0.98248		7.616278e-10		2.503053e-10
0.98378		7.718501e-10		2.389696e-10
0.98509		7.141722e-10		2.362440e-10
0.98639		7.550049e-10		2.321355e-10
0.98769		7.259677e-10		2.404663e-10
0.98899		7.289162e-10		2.192246e-10
0.99029		7.545670e-10		2.464568e-10
0.99159		7.828199e-10		2.246468e-10
0.99289		7.612667e-10		2.320720e-10
0.99419		7.073820e-10		2.328491e-10
0.99550		7.338734e-10		2.317911e-10
0.99680		7.391482e-10		2.310318e-10
0.99810		7.335514e-10		2.346892e-10
0.99940		7.253084e-10		2.457201e-10
1.00070		6.905848e-10		2.250391e-10
1.00200		7.226788e-10		2.422385e-10
1.00330		6.858733e-10		2.140449e-10
1.00460		6.909098e-10		2.338846e-10
1.00591		6.873066e-10		2.231564e-10
1.00721		6.916879e-10		2.364842e-10
1.00851		6.816787e-10		2.381348e-10
1.00981		6.717608e-10		2.405707e-10
1.01111		6.912558e-10		1.835208e-10
1.01241		7.054922e-10		2.145388e-10
1.01371		7.009491e-10		2.266902e-10
1.01502		6.997704e-10		2.167381e-10
1.01632		6.831669e-10		2.143750e-10
1.01762		7.008637e-10		2.188218e-10
1.01892		6.865367e-10		2.030367e-10
1.02022		6.613825e-10		1.995638e-10
1.02152		6.835307e-10		2.069377e-10
1.02282		6.678807e-10		1.921801e-10
1.02412		6.513491e-10		2.191538e-10
1.02543		6.479883e-10		2.021372e-10
1.02673		6.720029e-10		1.950375e-10
1.02803		6.461408e-10		2.100401e-10
1.02933		6.216195e-10		2.232539e-10
1.03063		6.327199e-10		1.991532e-10
1.03193		6.349533e-10		1.981958e-10
1.03323		6.420024e-10		2.205605e-10
1.03453		6.458228e-10		1.891577e-10
1.03584		6.308450e-10		1.868991e-10
1.03714		6.094438e-10		1.928985e-10
1.03844		5.873882e-10		2.080947e-10
1.03974		6.014619e-10		2.023365e-10
1.04104		6.337882e-10		1.822095e-10
1.04234		5.925892e-10		2.004744e-10
1.04364		6.202044e-10		1.809888e-10
1.04494		6.359312e-10		1.934482e-10
1.04625		6.069781e-10		1.912013e-10
1.04755		5.839710e-10		1.903363e-10
1.04885		5.721959e-10		1.775431e-10
1.05015		5.777515e-10		1.700512e-10
1.05145		6.006943e-10		1.935516e-10
1.05275		5.756470e-10		1.808147e-10
1.05405		5.667518e-10		1.714963e-10
1.05536		5.827968e-10		2.075420e-10
1.05666		5.355506e-10		1.929250e-10
1.05796		6.055857e-10		1.744829e-10
1.05926		5.385778e-10		1.620776e-10
1.06056		5.770943e-10		1.865079e-10
1.06186		5.866967e-10		1.624414e-10
1.06316		5.520831e-10		1.740725e-10
1.06446		5.292411e-10		1.814781e-10
1.06577		5.558289e-10		1.843674e-10
1.06707		5.639620e-10		1.598652e-10
1.06837		5.568637e-10		1.779181e-10
1.06967		5.365848e-10		1.615083e-10
1.07097		5.339055e-10		1.746583e-10
1.07227		5.362539e-10		1.528863e-10
1.07357		5.272958e-10		1.705186e-10
1.07487		5.413565e-10		1.679786e-10
1.07618		5.068637e-10		1.585961e-10
1.07748		5.172540e-10		1.586535e-10
1.07878		5.092803e-10		1.609353e-10
1.08008		4.788120e-10		1.674082e-10
1.08138		5.056133e-10		1.697623e-10
1.08268		4.952646e-10		1.584852e-10
1.08398		5.381221e-10		1.575475e-10
1.08529		5.006525e-10		1.549909e-10
1.08659		4.881315e-10		1.679402e-10
1.08789		4.816390e-10		1.493087e-10
1.08919		5.100962e-10		1.367447e-10
1.09049		4.772404e-10		1.404354e-10
1.09179		4.748618e-10		1.457028e-10
1.09309		4.841740e-10		1.495206e-10
1.09439		4.894871e-10		1.558634e-10
1.09570		4.862559e-10		1.453735e-10
1.09700		4.803169e-10		1.580998e-10
1.09830		4.631589e-10		1.517252e-10
1.09960		4.749472e-10		1.524306e-10
1.10090		4.665181e-10		1.421837e-10
1.10220		4.477226e-10		1.362803e-10
1.10350		4.264793e-10		1.473815e-10
1.10480		4.485802e-10		1.476248e-10
1.10611		4.405871e-10		1.452873e-10
1.10741		4.334143e-10		1.431890e-10
1.10871		4.418558e-10		1.418663e-10
1.11001		4.188767e-10		1.302410e-10
1.11131		4.270101e-10		1.384330e-10
1.11261		4.182955e-10		1.269097e-10
1.11391		4.114522e-10		1.285047e-10
1.11522		4.054510e-10		1.271185e-10
1.11652		4.371542e-10		1.285804e-10
1.11782		4.184676e-10		1.384744e-10
1.11912		4.094922e-10		1.237607e-10
1.12042		4.046921e-10		1.355607e-10
1.12172		3.877142e-10		1.285427e-10
1.12302		4.001478e-10		1.236174e-10
1.12432		4.006922e-10		1.202911e-10
1.12563		3.929659e-10		1.230342e-10
1.12693		3.822306e-10		1.158791e-10
1.12823		4.039847e-10		1.208422e-10
1.12953		3.927728e-10		1.104827e-10
1.13083		3.862307e-10		1.245238e-10
1.13213		3.676315e-10		1.167027e-10
1.13343		3.564263e-10		1.095771e-10
1.13473		3.770230e-10		1.120932e-10
1.13604		3.819062e-10		1.018641e-10
1.13734		3.618414e-10		1.101145e-10
1.13864		3.662374e-10		1.106141e-10
1.13994		3.521752e-10		1.105973e-10
1.14124		3.347417e-10		1.097549e-10
1.14254		3.502549e-10		1.129534e-10
1.14384		3.378190e-10		1.194834e-10
1.14515		3.434604e-10		1.158037e-10
1.14645		3.311687e-10		9.706268e-11
1.14775		3.411062e-10		1.006458e-10
1.14905		3.216451e-10		1.083315e-10
1.15035		3.195214e-10		1.087744e-10
1.15165		3.197940e-10		9.637116e-11
1.15295		3.318233e-10		1.108291e-10
1.15425		2.884655e-10		9.298765e-11
1.15556		3.242899e-10		1.076128e-10
1.15686		3.109804e-10		9.701605e-11
1.15816		3.004677e-10		8.653628e-11
1.15946		2.847389e-10		9.034602e-11
1.16076		2.942654e-10		9.486730e-11
1.16206		2.933452e-10		9.729278e-11
1.16336		2.966699e-10		8.743011e-11
1.16466		2.938989e-10		8.825240e-11
1.16597		2.691707e-10		8.740914e-11
1.16727		2.875886e-10		8.923773e-11
1.16857		2.772583e-10		8.779917e-11
1.16987		2.721274e-10		8.320451e-11
1.17117		2.658570e-10		7.659237e-11
1.17247		2.569317e-10		8.262367e-11
1.17377		2.570677e-10		8.429893e-11
1.17508		2.541668e-10		8.847528e-11
1.17638		2.568850e-10		8.352286e-11
1.17768		2.496196e-10		7.345592e-11
1.17898		2.420384e-10		8.180720e-11
1.18028		2.395472e-10		7.830059e-11
1.18158		2.333623e-10		7.446467e-11
1.18288		2.408324e-10		7.295893e-11
1.18418		2.342174e-10		7.354216e-11
1.18549		2.230056e-10		7.189581e-11
1.18679		2.278437e-10		7.036341e-11
1.18809		2.146395e-10		6.974787e-11
1.18939		2.290311e-10		7.211045e-11
1.19069		2.172737e-10		6.591726e-11
1.19199		2.114886e-10		6.625931e-11
1.19329		2.076841e-10		7.237350e-11
1.19459		1.957584e-10		6.939925e-11
1.19590		2.058553e-10		6.275823e-11
1.19720		2.110666e-10		5.905426e-11
1.19850		1.918831e-10		6.332274e-11
1.19980		1.841523e-10		5.825655e-11
1.20110		1.930652e-10		5.666189e-11
1.20240		1.894003e-10		5.632275e-11
1.20370		1.827736e-10		5.663638e-11
1.20501		1.692547e-10		5.133278e-11
1.20631		1.814587e-10		5.540218e-11
1.20761		1.736815e-10		5.506515e-11
1.20891		1.575074e-10		4.660198e-11
1.21021		1.620175e-10		5.362264e-11
1.21151		1.638340e-10		5.030214e-11
1.21281		1.513954e-10		4.910994e-11
1.21411		1.615531e-10		4.350114e-11
1.21542		1.543438e-10		4.670187e-11
1.21672		1.432605e-10		4.421082e-11
1.21802		1.374431e-10		4.621476e-11
1.21932		1.383468e-10		4.515642e-11
1.22062		1.369722e-10		4.020166e-11
1.22192		1.340209e-10		4.061740e-11
1.22322		1.239016e-10		4.236190e-11
1.22452		1.232438e-10		3.534355e-11
1.22583		1.192455e-10		3.478339e-11
1.22713		1.193655e-10		3.943840e-11
1.22843		1.155737e-10		3.450135e-11
1.22973		1.104521e-10		3.739375e-11
1.23103		1.077978e-10		3.532646e-11
1.23233		1.077080e-10		3.447461e-11
1.23363		1.006427e-10		3.370799e-11
1.23493		9.713086e-11		3.199219e-11
1.23624		9.026225e-11		2.832209e-11
1.23754		8.520579e-11		3.131626e-11
1.23884		8.791508e-11		2.725089e-11
1.24014		7.895905e-11		2.729097e-11
1.24144		8.466690e-11		2.597048e-11
1.24274		6.990426e-11		2.544448e-11
1.24404		6.650951e-11		2.304188e-11
1.24535		6.648624e-11		2.334722e-11
1.24665		6.387082e-11		1.880523e-11
1.24795		6.082655e-11		2.038256e-11
1.24925		5.738819e-11		2.058751e-11
1.25055		5.228325e-11		1.754378e-11
1.25185		4.866143e-11		1.706615e-11
1.25315		4.525390e-11		1.649090e-11
1.25445		4.019103e-11		1.687732e-11
1.25576		3.915428e-11		1.490543e-11
1.25706		3.405387e-11		1.456308e-11
1.25836		3.119439e-11		1.105734e-11
1.25966		3.153964e-11		1.020529e-11
1.26096		2.328519e-11		1.002359e-11
1.26226		2.044029e-11		1.016682e-11
1.26356		1.708028e-11		9.210589e-12
1.26486		1.318065e-11		8.430461e-12
1.26617		1.059917e-11		7.384961e-12
1.26747		7.515780e-12		6.231030e-12
1.26877		4.852539e-12		7.257498e-12
1.27007		-1.075966e-12		6.909401e-12
1.27137		-6.934368e-13		6.591136e-12
1.27267		-1.227490e-12		7.422908e-12
1.27397		1.070170e-13		6.815703e-12
1.27528		1.107812e-12		7.509965e-12
1.27658		-8.396822e-13		7.257870e-12
1.27788		-4.452769e-13		7.273670e-12
1.27918		-5.189940e-13		6.732250e-12
1.28048		4.570567e-13		7.512826e-12
1.28178		-3.435960e-13		6.893875e-12
1.28308		6.221206e-13		7.092876e-12
1.28438		-6.880323e-13		6.983561e-12
1.28569		-5.471615e-13		6.825075e-12
1.28699		7.258269e-13		6.915337e-12
1.28829		-4.681233e-13		6.305270e-12
1.28959		-2.949739e-13		7.215851e-12
1.29089		1.121004e-12		7.652337e-12
1.29219		1.203469e-12		6.744862e-12
1.29349		3.712907e-13		7.690497e-12
1.29479		1.144966e-12		6.812321e-12
1.29610		3.276403e-14		6.931503e-12
1.29740		6.839624e-13		7.365208e-12
1.29870		7.015244e-13		6.764347e-12
1.30000		-4.982759e-13		6.542834e-12

Total data points: 1000
