PHOTOELECTRIC EFFECT LAB - RAW DATA
Date: 2026-04-06 17:42:57
Portland State University Physics Dept.
Photocathode: Material #1
Work Function: 4.3700 eV
Wavelength: 2000 Angstroms
Frequency: 1.498962e+15 Hz
============================================================

Raw Current Data:
----------------------------------------
V_r (V)		I_total (A)		sigma_I (A)
0.00000		9.010403e-10		2.950418e-10
0.00187		8.913938e-10		2.828993e-10
0.00374		8.945626e-10		3.116430e-10
0.00562		8.746455e-10		2.656966e-10
0.00749		9.059217e-10		2.842963e-10
0.00936		8.589152e-10		2.908979e-10
0.01123		9.086911e-10		2.884793e-10
0.01310		9.005178e-10		2.905681e-10
0.01497		8.883258e-10		2.842709e-10
0.01685		8.851433e-10		3.019493e-10
0.01872		9.071641e-10		2.744055e-10
0.02059		8.725123e-10		2.852386e-10
0.02246		8.516770e-10		2.783494e-10
0.02433		9.269566e-10		2.935706e-10
0.02621		8.962964e-10		2.873839e-10
0.02808		8.863022e-10		2.596295e-10
0.02995		9.144227e-10		3.065982e-10
0.03182		9.203220e-10		2.504160e-10
0.03369		8.876265e-10		2.639854e-10
0.03557		8.450732e-10		2.725832e-10
0.03744		8.753787e-10		2.739641e-10
0.03931		8.969196e-10		2.538864e-10
0.04118		9.067678e-10		2.985733e-10
0.04305		8.818223e-10		3.069792e-10
0.04492		8.786057e-10		2.725948e-10
0.04680		9.098785e-10		2.752136e-10
0.04867		9.319225e-10		2.958273e-10
0.05054		8.858277e-10		2.884599e-10
0.05241		8.629771e-10		2.822318e-10
0.05428		8.603531e-10		2.715929e-10
0.05616		9.210947e-10		2.860001e-10
0.05803		9.579725e-10		2.674219e-10
0.05990		9.215491e-10		2.985297e-10
0.06177		9.051281e-10		2.616772e-10
0.06364		9.089521e-10		2.773766e-10
0.06552		8.692970e-10		2.956710e-10
0.06739		9.017670e-10		2.685039e-10
0.06926		8.546708e-10		3.056991e-10
0.07113		8.620233e-10		2.862594e-10
0.07300		9.123873e-10		2.700398e-10
0.07487		8.825017e-10		2.527615e-10
0.07675		8.697751e-10		2.707642e-10
0.07862		8.706089e-10		2.970768e-10
0.08049		8.767490e-10		3.099465e-10
0.08236		9.399010e-10		2.517709e-10
0.08423		8.995667e-10		2.713879e-10
0.08611		8.855893e-10		2.850585e-10
0.08798		8.787909e-10		2.703630e-10
0.08985		9.004382e-10		2.699292e-10
0.09172		8.752962e-10		2.700436e-10
0.09359		8.827606e-10		3.034966e-10
0.09547		8.774351e-10		2.674807e-10
0.09734		8.846776e-10		2.798949e-10
0.09921		8.856064e-10		2.967197e-10
0.10108		8.963981e-10		2.817381e-10
0.10295		8.758334e-10		2.675988e-10
0.10482		8.713840e-10		2.809524e-10
0.10670		8.822912e-10		2.678554e-10
0.10857		8.622291e-10		2.822669e-10
0.11044		8.472309e-10		2.674198e-10
0.11231		9.125251e-10		2.488747e-10
0.11418		9.005737e-10		2.657811e-10
0.11606		8.864505e-10		2.783833e-10
0.11793		8.833626e-10		3.061723e-10
0.11980		8.963102e-10		2.654529e-10
0.12167		8.536598e-10		2.881342e-10
0.12354		9.280081e-10		3.027721e-10
0.12542		8.676699e-10		2.908602e-10
0.12729		9.235867e-10		2.719035e-10
0.12916		8.961164e-10		2.991118e-10
0.13103		8.570983e-10		2.898343e-10
0.13290		8.289490e-10		2.999134e-10
0.13477		8.814277e-10		2.801455e-10
0.13665		8.417131e-10		2.512482e-10
0.13852		8.974106e-10		3.049910e-10
0.14039		8.825691e-10		2.647683e-10
0.14226		8.804800e-10		2.742434e-10
0.14413		9.244149e-10		2.976777e-10
0.14601		8.682733e-10		2.793305e-10
0.14788		8.461577e-10		2.798609e-10
0.14975		9.416487e-10		2.749670e-10
0.15162		8.226418e-10		2.848869e-10
0.15349		9.217314e-10		2.790562e-10
0.15537		8.457732e-10		2.940037e-10
0.15724		8.972193e-10		2.984066e-10
0.15911		8.341925e-10		2.671741e-10
0.16098		9.017755e-10		3.165837e-10
0.16285		8.886556e-10		2.657221e-10
0.16472		8.795965e-10		2.800812e-10
0.16660		8.845121e-10		2.549361e-10
0.16847		8.431671e-10		2.787626e-10
0.17034		8.589421e-10		2.873675e-10
0.17221		9.069485e-10		2.854365e-10
0.17408		8.950032e-10		2.822060e-10
0.17596		8.894555e-10		2.589364e-10
0.17783		9.644447e-10		3.038324e-10
0.17970		9.025348e-10		3.144252e-10
0.18157		9.035807e-10		2.768790e-10
0.18344		8.932555e-10		2.681440e-10
0.18532		9.106378e-10		2.911878e-10
0.18719		8.643559e-10		2.555083e-10
0.18906		9.585919e-10		2.698636e-10
0.19093		9.049950e-10		2.859952e-10
0.19280		8.970425e-10		2.867689e-10
0.19467		8.991266e-10		2.827191e-10
0.19655		8.546542e-10		2.805200e-10
0.19842		8.637531e-10		2.592262e-10
0.20029		8.368804e-10		3.004877e-10
0.20216		8.965999e-10		2.908405e-10
0.20403		9.055028e-10		2.683075e-10
0.20591		8.728824e-10		2.768600e-10
0.20778		8.818879e-10		2.950601e-10
0.20965		8.808759e-10		2.975420e-10
0.21152		8.611771e-10		2.771931e-10
0.21339		8.933998e-10		2.866490e-10
0.21527		9.272407e-10		2.821115e-10
0.21714		8.889423e-10		2.970862e-10
0.21901		8.846799e-10		2.729799e-10
0.22088		9.254172e-10		2.640073e-10
0.22275		8.508778e-10		2.763936e-10
0.22462		8.706790e-10		2.805046e-10
0.22650		8.455069e-10		2.660153e-10
0.22837		8.466911e-10		2.910080e-10
0.23024		8.875377e-10		2.606853e-10
0.23211		8.583488e-10		2.883967e-10
0.23398		8.885889e-10		2.762134e-10
0.23586		8.869993e-10		2.709032e-10
0.23773		9.117505e-10		2.829291e-10
0.23960		8.939553e-10		2.681602e-10
0.24147		8.794491e-10		2.731116e-10
0.24334		8.583073e-10		2.826935e-10
0.24522		8.611596e-10		2.593896e-10
0.24709		8.495454e-10		3.004907e-10
0.24896		8.736113e-10		2.659815e-10
0.25083		9.012889e-10		2.771132e-10
0.25270		8.496619e-10		2.681131e-10
0.25457		8.372994e-10		2.786370e-10
0.25645		8.792203e-10		2.676534e-10
0.25832		8.588839e-10		2.899645e-10
0.26019		8.192550e-10		2.704763e-10
0.26206		8.872186e-10		2.654825e-10
0.26393		8.518797e-10		2.915418e-10
0.26581		8.615649e-10		2.503403e-10
0.26768		8.837903e-10		2.723447e-10
0.26955		8.617713e-10		2.551115e-10
0.27142		9.282562e-10		2.528106e-10
0.27329		8.865657e-10		2.736876e-10
0.27517		8.555419e-10		2.635012e-10
0.27704		8.652117e-10		2.975643e-10
0.27891		8.691208e-10		2.870160e-10
0.28078		8.542048e-10		2.474173e-10
0.28265		8.439163e-10		2.720060e-10
0.28452		8.734359e-10		2.837936e-10
0.28640		8.917291e-10		2.921930e-10
0.28827		8.958941e-10		2.573819e-10
0.29014		8.440068e-10		2.815477e-10
0.29201		8.459981e-10		2.822137e-10
0.29388		8.099751e-10		2.406382e-10
0.29576		9.347000e-10		2.891055e-10
0.29763		8.038942e-10		2.557808e-10
0.29950		8.525189e-10		2.847379e-10
0.30137		8.932137e-10		2.486160e-10
0.30324		8.506197e-10		2.714599e-10
0.30512		8.835513e-10		2.914012e-10
0.30699		8.890107e-10		2.719199e-10
0.30886		8.961586e-10		2.872344e-10
0.31073		8.241653e-10		2.574973e-10
0.31260		8.268494e-10		2.707789e-10
0.31447		8.431659e-10		2.563502e-10
0.31635		8.576233e-10		2.504365e-10
0.31822		8.477571e-10		2.526647e-10
0.32009		8.325741e-10		2.471482e-10
0.32196		8.373840e-10		2.571313e-10
0.32383		8.427189e-10		2.533076e-10
0.32571		8.567363e-10		2.867567e-10
0.32758		8.632480e-10		2.723563e-10
0.32945		8.777832e-10		2.927221e-10
0.33132		8.499210e-10		2.635441e-10
0.33319		8.775405e-10		2.883747e-10
0.33507		8.386855e-10		2.816058e-10
0.33694		8.635788e-10		2.844089e-10
0.33881		8.169760e-10		2.890221e-10
0.34068		8.447714e-10		2.748238e-10
0.34255		8.324887e-10		2.629598e-10
0.34442		8.039775e-10		2.663943e-10
0.34630		8.538561e-10		2.803597e-10
0.34817		8.339031e-10		2.447538e-10
0.35004		8.623587e-10		2.715395e-10
0.35191		8.841779e-10		2.579869e-10
0.35378		8.246399e-10		2.591486e-10
0.35566		8.544032e-10		2.985537e-10
0.35753		8.905621e-10		2.490496e-10
0.35940		8.233694e-10		2.534956e-10
0.36127		8.310529e-10		2.561918e-10
0.36314		8.374105e-10		2.873900e-10
0.36502		8.598544e-10		2.657322e-10
0.36689		8.576403e-10		2.529925e-10
0.36876		8.888121e-10		2.673345e-10
0.37063		8.265008e-10		2.794120e-10
0.37250		8.364389e-10		2.601580e-10
0.37437		8.100504e-10		2.587869e-10
0.37625		8.589307e-10		2.812161e-10
0.37812		8.624513e-10		2.542739e-10
0.37999		8.723475e-10		2.849581e-10
0.38186		8.844702e-10		2.663356e-10
0.38373		8.360619e-10		2.804494e-10
0.38561		8.468233e-10		2.708080e-10
0.38748		8.289454e-10		2.595482e-10
0.38935		8.111536e-10		2.871731e-10
0.39122		8.360147e-10		2.501149e-10
0.39309		8.394686e-10		2.871028e-10
0.39496		8.743968e-10		2.750820e-10
0.39684		8.440574e-10		2.582278e-10
0.39871		8.681869e-10		2.708590e-10
0.40058		8.827200e-10		2.808352e-10
0.40245		8.529703e-10		2.868269e-10
0.40432		7.971101e-10		2.406041e-10
0.40620		8.404316e-10		2.716454e-10
0.40807		8.525117e-10		2.386988e-10
0.40994		8.288210e-10		2.567341e-10
0.41181		8.538459e-10		2.612963e-10
0.41368		8.449738e-10		2.507488e-10
0.41556		8.642687e-10		2.548736e-10
0.41743		8.694541e-10		2.546310e-10
0.41930		8.543099e-10		2.614425e-10
0.42117		8.508704e-10		2.562426e-10
0.42304		8.105761e-10		2.590223e-10
0.42491		8.017227e-10		2.638699e-10
0.42679		8.673655e-10		2.739894e-10
0.42866		8.689449e-10		2.802377e-10
0.43053		8.463623e-10		2.851273e-10
0.43240		7.765092e-10		2.700482e-10
0.43427		8.280167e-10		2.713817e-10
0.43615		8.118751e-10		2.639467e-10
0.43802		8.036853e-10		2.605360e-10
0.43989		8.814546e-10		2.656847e-10
0.44176		7.916419e-10		2.610660e-10
0.44363		8.021836e-10		2.734902e-10
0.44551		8.572551e-10		2.623937e-10
0.44738		8.040666e-10		2.848077e-10
0.44925		7.912569e-10		2.713907e-10
0.45112		8.659623e-10		2.479021e-10
0.45299		8.517774e-10		2.675912e-10
0.45486		8.083669e-10		2.575974e-10
0.45674		8.217666e-10		2.448652e-10
0.45861		8.418863e-10		2.526906e-10
0.46048		7.998599e-10		2.728752e-10
0.46235		8.329861e-10		2.683413e-10
0.46422		8.469596e-10		2.667032e-10
0.46610		8.098249e-10		2.806141e-10
0.46797		8.169750e-10		2.266940e-10
0.46984		8.485126e-10		2.409313e-10
0.47171		7.704758e-10		2.541476e-10
0.47358		8.320750e-10		2.757758e-10
0.47546		7.991267e-10		2.503693e-10
0.47733		8.205000e-10		2.390249e-10
0.47920		8.029758e-10		2.737828e-10
0.48107		8.133211e-10		2.494782e-10
0.48294		7.995950e-10		2.564172e-10
0.48481		7.618891e-10		2.455062e-10
0.48669		7.788310e-10		2.608636e-10
0.48856		8.123379e-10		2.590127e-10
0.49043		8.627433e-10		2.450399e-10
0.49230		8.019035e-10		2.869155e-10
0.49417		8.101074e-10		2.876631e-10
0.49605		8.469163e-10		2.515933e-10
0.49792		8.161789e-10		2.566716e-10
0.49979		8.165815e-10		2.657108e-10
0.50166		8.455503e-10		2.658099e-10
0.50353		8.233656e-10		2.653112e-10
0.50541		8.141020e-10		2.338792e-10
0.50728		8.184252e-10		2.662059e-10
0.50915		8.243672e-10		2.668353e-10
0.51102		7.796324e-10		2.601632e-10
0.51289		7.756583e-10		2.426725e-10
0.51476		8.426486e-10		2.370676e-10
0.51664		8.185174e-10		2.566354e-10
0.51851		8.146417e-10		2.482144e-10
0.52038		7.934414e-10		2.457063e-10
0.52225		8.290693e-10		2.570143e-10
0.52412		7.675676e-10		2.380805e-10
0.52600		8.274758e-10		2.540580e-10
0.52787		7.813988e-10		2.487768e-10
0.52974		7.513230e-10		2.556106e-10
0.53161		8.181492e-10		2.324729e-10
0.53348		8.161353e-10		2.617755e-10
0.53536		8.256754e-10		2.616995e-10
0.53723		8.132327e-10		2.479207e-10
0.53910		8.261038e-10		2.491570e-10
0.54097		8.522158e-10		2.581691e-10
0.54284		7.922488e-10		2.728790e-10
0.54471		7.931740e-10		2.567520e-10
0.54659		7.886137e-10		2.750168e-10
0.54846		7.714667e-10		2.504762e-10
0.55033		8.154706e-10		2.510882e-10
0.55220		7.881018e-10		2.513243e-10
0.55407		8.213013e-10		2.539135e-10
0.55595		8.086986e-10		2.412271e-10
0.55782		7.850366e-10		2.570083e-10
0.55969		7.938926e-10		2.619752e-10
0.56156		7.700674e-10		2.658878e-10
0.56343		7.716801e-10		2.543181e-10
0.56531		7.784959e-10		2.504989e-10
0.56718		7.718507e-10		2.573844e-10
0.56905		7.554218e-10		2.357791e-10
0.57092		7.707945e-10		2.457651e-10
0.57279		7.393973e-10		2.236674e-10
0.57466		7.595892e-10		2.369916e-10
0.57654		8.238293e-10		2.589994e-10
0.57841		8.457708e-10		2.590330e-10
0.58028		7.810580e-10		2.599645e-10
0.58215		7.653120e-10		2.398846e-10
0.58402		8.046609e-10		2.257090e-10
0.58590		7.734800e-10		2.538646e-10
0.58777		7.632209e-10		2.490409e-10
0.58964		8.377747e-10		2.531128e-10
0.59151		7.366035e-10		2.555757e-10
0.59338		7.437380e-10		2.631317e-10
0.59526		8.091070e-10		2.655705e-10
0.59713		7.493543e-10		2.385709e-10
0.59900		7.396429e-10		2.655464e-10
0.60087		8.005519e-10		2.436299e-10
0.60274		7.633659e-10		2.201008e-10
0.60461		7.271134e-10		2.249976e-10
0.60649		7.814943e-10		2.562188e-10
0.60836		7.217648e-10		2.596771e-10
0.61023		7.905164e-10		2.398454e-10
0.61210		7.696374e-10		2.436792e-10
0.61397		7.691249e-10		2.408247e-10
0.61585		7.582385e-10		2.497630e-10
0.61772		7.869778e-10		2.400097e-10
0.61959		7.568391e-10		2.508232e-10
0.62146		7.889245e-10		2.404864e-10
0.62333		7.709472e-10		2.191275e-10
0.62521		7.902208e-10		2.569262e-10
0.62708		7.221321e-10		2.484282e-10
0.62895		7.712938e-10		2.421581e-10
0.63082		7.668836e-10		2.327531e-10
0.63269		7.678495e-10		2.461796e-10
0.63456		7.829171e-10		2.349476e-10
0.63644		7.833269e-10		2.489583e-10
0.63831		7.655410e-10		2.532495e-10
0.64018		7.199508e-10		2.359354e-10
0.64205		7.962741e-10		2.488564e-10
0.64392		7.849117e-10		2.622387e-10
0.64580		7.245605e-10		2.645116e-10
0.64767		7.193791e-10		2.236387e-10
0.64954		7.481699e-10		2.384594e-10
0.65141		7.454321e-10		2.433460e-10
0.65328		7.883191e-10		2.479629e-10
0.65516		7.432364e-10		2.424322e-10
0.65703		7.518303e-10		2.440794e-10
0.65890		7.368070e-10		2.305437e-10
0.66077		7.455813e-10		2.398825e-10
0.66264		7.089888e-10		2.419583e-10
0.66451		7.829187e-10		2.485182e-10
0.66639		7.769466e-10		2.257797e-10
0.66826		7.426048e-10		2.470341e-10
0.67013		7.669595e-10		2.299641e-10
0.67200		7.641317e-10		2.333128e-10
0.67387		7.530839e-10		2.438297e-10
0.67575		7.519284e-10		2.249529e-10
0.67762		7.241560e-10		2.623116e-10
0.67949		7.026521e-10		2.289189e-10
0.68136		7.384345e-10		2.343182e-10
0.68323		7.402604e-10		2.516283e-10
0.68511		7.733130e-10		2.275266e-10
0.68698		7.017789e-10		2.332458e-10
0.68885		7.713040e-10		2.113838e-10
0.69072		7.097699e-10		2.204021e-10
0.69259		7.417889e-10		2.344726e-10
0.69446		7.844894e-10		2.298582e-10
0.69634		7.567472e-10		2.265123e-10
0.69821		7.107720e-10		2.287709e-10
0.70008		7.556082e-10		2.136133e-10
0.70195		7.773030e-10		2.110848e-10
0.70382		7.448502e-10		2.179407e-10
0.70570		7.669249e-10		2.292998e-10
0.70757		7.106078e-10		2.211190e-10
0.70944		7.550227e-10		2.373835e-10
0.71131		7.837665e-10		2.235830e-10
0.71318		7.084852e-10		2.285717e-10
0.71506		7.393076e-10		2.467535e-10
0.71693		7.556983e-10		2.362704e-10
0.71880		7.196396e-10		2.049022e-10
0.72067		7.297009e-10		2.322648e-10
0.72254		7.317221e-10		2.417778e-10
0.72441		7.641328e-10		2.282950e-10
0.72629		7.322755e-10		2.439435e-10
0.72816		7.239331e-10		2.254054e-10
0.73003		7.411149e-10		2.342741e-10
0.73190		7.502390e-10		2.315267e-10
0.73377		7.296043e-10		2.318623e-10
0.73565		7.271425e-10		2.395874e-10
0.73752		7.346534e-10		2.244575e-10
0.73939		7.632033e-10		2.275276e-10
0.74126		6.914139e-10		2.278818e-10
0.74313		7.002196e-10		2.317353e-10
0.74501		7.376344e-10		2.212595e-10
0.74688		6.715938e-10		2.298208e-10
0.74875		7.124255e-10		2.238119e-10
0.75062		6.972963e-10		2.138595e-10
0.75249		7.182880e-10		2.303192e-10
0.75436		7.378187e-10		2.218324e-10
0.75624		7.032951e-10		2.129090e-10
0.75811		7.170453e-10		2.244895e-10
0.75998		7.093305e-10		2.470418e-10
0.76185		7.111907e-10		2.448218e-10
0.76372		6.938047e-10		2.106999e-10
0.76560		7.075559e-10		1.912091e-10
0.76747		6.867526e-10		2.215186e-10
0.76934		7.085189e-10		2.083287e-10
0.77121		7.091388e-10		2.213893e-10
0.77308		7.237361e-10		2.058526e-10
0.77495		7.153061e-10		2.461905e-10
0.77683		6.766439e-10		2.357710e-10
0.77870		6.896297e-10		2.287068e-10
0.78057		6.985346e-10		2.275911e-10
0.78244		6.882761e-10		2.097445e-10
0.78431		6.699048e-10		2.284110e-10
0.78619		6.662273e-10		2.105194e-10
0.78806		6.892297e-10		2.461778e-10
0.78993		6.768349e-10		2.228381e-10
0.79180		6.519114e-10		2.226206e-10
0.79367		6.813283e-10		2.063225e-10
0.79555		6.549163e-10		2.067966e-10
0.79742		7.079371e-10		1.989648e-10
0.79929		7.271894e-10		2.212922e-10
0.80116		7.202268e-10		2.104397e-10
0.80303		6.597062e-10		2.346807e-10
0.80490		7.289057e-10		2.050974e-10
0.80678		7.193429e-10		2.167487e-10
0.80865		6.911625e-10		2.150638e-10
0.81052		7.063590e-10		2.098187e-10
0.81239		6.861727e-10		2.103857e-10
0.81426		6.723255e-10		2.166968e-10
0.81614		6.850544e-10		2.038173e-10
0.81801		6.492321e-10		2.084689e-10
0.81988		6.807973e-10		2.209636e-10
0.82175		6.958932e-10		2.210890e-10
0.82362		6.806768e-10		2.049034e-10
0.82550		6.931177e-10		2.140015e-10
0.82737		6.343614e-10		2.230024e-10
0.82924		6.493055e-10		2.178730e-10
0.83111		6.673977e-10		1.906462e-10
0.83298		6.580956e-10		2.244370e-10
0.83485		6.785472e-10		2.311183e-10
0.83673		6.583386e-10		2.165593e-10
0.83860		6.740796e-10		2.110271e-10
0.84047		6.626838e-10		2.310284e-10
0.84234		6.689936e-10		2.055467e-10
0.84421		6.563787e-10		1.900597e-10
0.84609		6.529994e-10		2.221167e-10
0.84796		6.652788e-10		1.874375e-10
0.84983		6.597964e-10		2.074957e-10
0.85170		7.260168e-10		2.183964e-10
0.85357		6.550166e-10		2.335025e-10
0.85545		6.693596e-10		2.102259e-10
0.85732		7.017619e-10		2.260106e-10
0.85919		6.425579e-10		1.928110e-10
0.86106		6.593743e-10		2.183711e-10
0.86293		6.578518e-10		2.078528e-10
0.86480		6.428153e-10		2.246396e-10
0.86668		6.709798e-10		2.218288e-10
0.86855		6.765089e-10		1.888170e-10
0.87042		6.698564e-10		2.155600e-10
0.87229		6.469905e-10		1.914574e-10
0.87416		6.553378e-10		2.048844e-10
0.87604		6.878893e-10		2.112384e-10
0.87791		6.792361e-10		2.096782e-10
0.87978		6.068027e-10		1.957827e-10
0.88165		6.544561e-10		2.036128e-10
0.88352		6.382508e-10		1.992650e-10
0.88540		6.162382e-10		2.118461e-10
0.88727		6.538163e-10		1.931554e-10
0.88914		6.344929e-10		2.085018e-10
0.89101		6.792247e-10		2.111617e-10
0.89288		6.434022e-10		2.000739e-10
0.89475		6.486370e-10		1.828271e-10
0.89663		6.501591e-10		2.142752e-10
0.89850		6.145775e-10		2.020653e-10
0.90037		6.880656e-10		1.932438e-10
0.90224		6.557297e-10		2.047208e-10
0.90411		6.652125e-10		1.961523e-10
0.90599		6.194607e-10		2.010641e-10
0.90786		6.361679e-10		2.005740e-10
0.90973		6.649408e-10		1.972518e-10
0.91160		6.308034e-10		2.021672e-10
0.91347		6.216575e-10		2.063539e-10
0.91535		6.233986e-10		1.984373e-10
0.91722		6.613878e-10		1.871983e-10
0.91909		6.346856e-10		2.049460e-10
0.92096		6.177381e-10		1.872922e-10
0.92283		6.112073e-10		1.950055e-10
0.92470		6.090296e-10		2.013934e-10
0.92658		6.402049e-10		2.091205e-10
0.92845		6.403393e-10		2.129894e-10
0.93032		6.190533e-10		2.262648e-10
0.93219		6.474202e-10		1.941835e-10
0.93406		5.898582e-10		2.037229e-10
0.93594		6.332511e-10		1.894182e-10
0.93781		5.924613e-10		1.936404e-10
0.93968		6.600139e-10		2.026373e-10
0.94155		6.193421e-10		1.791368e-10
0.94342		6.337142e-10		2.026052e-10
0.94530		6.301425e-10		2.204689e-10
0.94717		5.992773e-10		2.004676e-10
0.94904		6.117973e-10		1.957291e-10
0.95091		6.010623e-10		1.825547e-10
0.95278		6.011463e-10		2.103607e-10
0.95465		6.128686e-10		1.796246e-10
0.95653		6.320788e-10		1.996080e-10
0.95840		6.092665e-10		1.911112e-10
0.96027		6.139634e-10		1.889825e-10
0.96214		6.050232e-10		1.855357e-10
0.96401		5.736656e-10		1.878548e-10
0.96589		6.127231e-10		1.952114e-10
0.96776		5.844253e-10		1.837158e-10
0.96963		6.250429e-10		1.877286e-10
0.97150		5.899197e-10		1.954393e-10
0.97337		5.888035e-10		1.960523e-10
0.97525		5.994427e-10		1.757734e-10
0.97712		5.988238e-10		1.900438e-10
0.97899		5.842604e-10		2.082184e-10
0.98086		6.123536e-10		2.081263e-10
0.98273		5.797950e-10		1.991521e-10
0.98460		6.316784e-10		1.793361e-10
0.98648		5.520088e-10		1.789124e-10
0.98835		6.065852e-10		1.906075e-10
0.99022		5.832356e-10		1.862604e-10
0.99209		5.890754e-10		1.760615e-10
0.99396		5.652799e-10		1.721131e-10
0.99584		5.519569e-10		1.805508e-10
0.99771		5.971909e-10		1.784184e-10
0.99958		5.553313e-10		1.876971e-10
1.00145		5.896457e-10		1.763980e-10
1.00332		5.844872e-10		1.756780e-10
1.00520		5.375273e-10		1.812164e-10
1.00707		6.056050e-10		1.646946e-10
1.00894		5.592903e-10		1.796162e-10
1.01081		5.963593e-10		1.705261e-10
1.01268		5.841020e-10		1.811816e-10
1.01455		5.866797e-10		1.778307e-10
1.01643		5.792967e-10		1.896682e-10
1.01830		5.927552e-10		1.775627e-10
1.02017		5.700830e-10		1.958035e-10
1.02204		5.785118e-10		1.858282e-10
1.02391		5.775301e-10		1.866172e-10
1.02579		5.508223e-10		1.769249e-10
1.02766		5.957775e-10		1.752938e-10
1.02953		5.959812e-10		1.791354e-10
1.03140		5.775505e-10		1.801939e-10
1.03327		5.738921e-10		1.828977e-10
1.03515		5.286800e-10		1.728229e-10
1.03702		5.574533e-10		1.824242e-10
1.03889		5.757952e-10		1.801580e-10
1.04076		5.579069e-10		1.748208e-10
1.04263		5.712048e-10		1.829643e-10
1.04450		5.681814e-10		1.863549e-10
1.04638		5.385456e-10		1.781935e-10
1.04825		5.613015e-10		1.585454e-10
1.05012		5.658865e-10		1.950293e-10
1.05199		5.865286e-10		1.812790e-10
1.05386		5.322965e-10		1.691513e-10
1.05574		5.823085e-10		1.763552e-10
1.05761		5.611223e-10		1.911241e-10
1.05948		5.517958e-10		1.731602e-10
1.06135		5.476048e-10		1.911953e-10
1.06322		5.372014e-10		1.768204e-10
1.06510		5.271438e-10		1.734900e-10
1.06697		5.725805e-10		1.739266e-10
1.06884		5.376490e-10		1.626580e-10
1.07071		5.500491e-10		1.696818e-10
1.07258		5.545328e-10		1.824876e-10
1.07445		5.390930e-10		1.716949e-10
1.07633		5.133188e-10		1.808604e-10
1.07820		5.598330e-10		1.608119e-10
1.08007		5.205922e-10		1.747725e-10
1.08194		5.412726e-10		1.634770e-10
1.08381		5.278603e-10		1.624233e-10
1.08569		5.234731e-10		1.682995e-10
1.08756		5.126881e-10		1.682687e-10
1.08943		5.164935e-10		1.622212e-10
1.09130		4.905992e-10		1.604354e-10
1.09317		5.260877e-10		1.662139e-10
1.09505		5.075085e-10		1.560263e-10
1.09692		5.185493e-10		1.766132e-10
1.09879		5.356631e-10		1.639412e-10
1.10066		5.566196e-10		1.742041e-10
1.10253		5.149612e-10		1.637372e-10
1.10440		5.404743e-10		1.606013e-10
1.10628		4.863671e-10		1.520792e-10
1.10815		5.208854e-10		1.703278e-10
1.11002		5.148520e-10		1.681852e-10
1.11189		4.987506e-10		1.694307e-10
1.11376		5.188354e-10		1.558130e-10
1.11564		5.330514e-10		1.811770e-10
1.11751		5.082394e-10		1.702301e-10
1.11938		5.191244e-10		1.608326e-10
1.12125		4.984540e-10		1.721645e-10
1.12312		5.145932e-10		1.614701e-10
1.12499		4.942709e-10		1.657550e-10
1.12687		5.065415e-10		1.612932e-10
1.12874		5.060968e-10		1.440367e-10
1.13061		5.201779e-10		1.514831e-10
1.13248		5.148711e-10		1.629260e-10
1.13435		4.802693e-10		1.499400e-10
1.13623		5.383397e-10		1.592688e-10
1.13810		5.161806e-10		1.487051e-10
1.13997		4.943782e-10		1.762326e-10
1.14184		5.050198e-10		1.488263e-10
1.14371		4.801300e-10		1.651061e-10
1.14559		4.950087e-10		1.581817e-10
1.14746		4.929346e-10		1.507381e-10
1.14933		4.866651e-10		1.701346e-10
1.15120		4.973889e-10		1.582730e-10
1.15307		4.638633e-10		1.510914e-10
1.15494		4.966482e-10		1.593970e-10
1.15682		5.091523e-10		1.550520e-10
1.15869		4.634223e-10		1.488834e-10
1.16056		4.824589e-10		1.483802e-10
1.16243		4.780675e-10		1.651212e-10
1.16430		4.863250e-10		1.493406e-10
1.16618		4.812244e-10		1.534659e-10
1.16805		4.901476e-10		1.543187e-10
1.16992		4.719937e-10		1.433639e-10
1.17179		4.828320e-10		1.340587e-10
1.17366		4.929772e-10		1.524735e-10
1.17554		4.715432e-10		1.436501e-10
1.17741		4.511274e-10		1.563461e-10
1.17928		4.369186e-10		1.409395e-10
1.18115		4.975234e-10		1.478527e-10
1.18302		4.750952e-10		1.444774e-10
1.18489		4.662596e-10		1.454485e-10
1.18677		4.679424e-10		1.532420e-10
1.18864		4.563931e-10		1.450187e-10
1.19051		4.871239e-10		1.533202e-10
1.19238		4.796620e-10		1.437413e-10
1.19425		4.927304e-10		1.530387e-10
1.19613		4.679027e-10		1.508365e-10
1.19800		4.675540e-10		1.397137e-10
1.19987		4.327022e-10		1.372574e-10
1.20174		4.469892e-10		1.593647e-10
1.20361		4.545545e-10		1.436620e-10
1.20549		4.531658e-10		1.387280e-10
1.20736		4.623615e-10		1.419183e-10
1.20923		4.446017e-10		1.347663e-10
1.21110		4.437965e-10		1.476527e-10
1.21297		4.569743e-10		1.374568e-10
1.21484		4.714813e-10		1.351060e-10
1.21672		4.552182e-10		1.291601e-10
1.21859		4.346807e-10		1.370331e-10
1.22046		4.512213e-10		1.493288e-10
1.22233		4.412758e-10		1.381515e-10
1.22420		4.719390e-10		1.424845e-10
1.22608		4.420237e-10		1.465217e-10
1.22795		4.500800e-10		1.484152e-10
1.22982		4.409220e-10		1.442663e-10
1.23169		4.309996e-10		1.321530e-10
1.23356		4.691918e-10		1.287738e-10
1.23544		4.509467e-10		1.459339e-10
1.23731		4.430867e-10		1.289453e-10
1.23918		4.439303e-10		1.338119e-10
1.24105		4.399028e-10		1.379128e-10
1.24292		4.410510e-10		1.353846e-10
1.24479		4.374337e-10		1.410929e-10
1.24667		4.275991e-10		1.497139e-10
1.24854		4.257153e-10		1.332513e-10
1.25041		4.475248e-10		1.337423e-10
1.25228		4.127409e-10		1.366928e-10
1.25415		4.124186e-10		1.284175e-10
1.25603		4.182569e-10		1.363451e-10
1.25790		4.165771e-10		1.443381e-10
1.25977		4.326264e-10		1.379510e-10
1.26164		4.147042e-10		1.382812e-10
1.26351		4.051648e-10		1.412494e-10
1.26539		4.308421e-10		1.393578e-10
1.26726		3.952174e-10		1.361791e-10
1.26913		4.351944e-10		1.330128e-10
1.27100		4.344126e-10		1.354221e-10
1.27287		4.018599e-10		1.350788e-10
1.27474		4.044771e-10		1.295149e-10
1.27662		4.020771e-10		1.284252e-10
1.27849		4.055997e-10		1.186676e-10
1.28036		3.957484e-10		1.324444e-10
1.28223		4.216750e-10		1.167526e-10
1.28410		4.035741e-10		1.255475e-10
1.28598		4.001360e-10		1.304256e-10
1.28785		4.121432e-10		1.267457e-10
1.28972		3.937534e-10		1.320464e-10
1.29159		4.038451e-10		1.316985e-10
1.29346		3.717474e-10		1.297754e-10
1.29534		4.037985e-10		1.271091e-10
1.29721		3.896436e-10		1.274272e-10
1.29908		3.882608e-10		1.211694e-10
1.30095		3.781892e-10		1.296637e-10
1.30282		3.930643e-10		1.224251e-10
1.30469		3.753101e-10		1.247714e-10
1.30657		3.896258e-10		1.218609e-10
1.30844		3.915269e-10		1.248279e-10
1.31031		3.933667e-10		1.156722e-10
1.31218		3.692689e-10		1.215184e-10
1.31405		3.882427e-10		1.133428e-10
1.31593		3.743517e-10		1.342066e-10
1.31780		3.910288e-10		1.230918e-10
1.31967		4.002713e-10		1.154584e-10
1.32154		3.743817e-10		1.206114e-10
1.32341		3.809526e-10		1.192498e-10
1.32529		3.804333e-10		1.203520e-10
1.32716		3.787262e-10		1.162727e-10
1.32903		3.807682e-10		1.285048e-10
1.33090		3.747429e-10		1.264144e-10
1.33277		3.725050e-10		1.216098e-10
1.33464		3.723619e-10		1.371617e-10
1.33652		3.714893e-10		1.197360e-10
1.33839		3.657627e-10		1.160515e-10
1.34026		3.352168e-10		1.204793e-10
1.34213		3.764261e-10		1.123625e-10
1.34400		3.645376e-10		1.207994e-10
1.34588		3.648756e-10		1.208386e-10
1.34775		3.481898e-10		1.176974e-10
1.34962		3.623319e-10		1.191728e-10
1.35149		3.702734e-10		1.083823e-10
1.35336		3.542063e-10		1.180349e-10
1.35524		3.793170e-10		1.043488e-10
1.35711		3.610934e-10		1.244991e-10
1.35898		3.704751e-10		1.147309e-10
1.36085		3.645525e-10		1.063156e-10
1.36272		3.511049e-10		1.154101e-10
1.36459		3.436863e-10		1.170087e-10
1.36647		3.433765e-10		1.159223e-10
1.36834		3.436560e-10		1.068303e-10
1.37021		3.455813e-10		1.092796e-10
1.37208		3.279565e-10		9.919893e-11
1.37395		3.365514e-10		1.071289e-10
1.37583		3.387008e-10		1.203275e-10
1.37770		3.440169e-10		1.052641e-10
1.37957		3.284191e-10		1.082302e-10
1.38144		3.305350e-10		1.100938e-10
1.38331		3.352798e-10		9.974046e-11
1.38519		3.276268e-10		1.146061e-10
1.38706		3.552618e-10		1.012733e-10
1.38893		3.233377e-10		1.015703e-10
1.39080		3.313281e-10		1.074029e-10
1.39267		3.304012e-10		1.107645e-10
1.39454		3.392697e-10		1.091421e-10
1.39642		3.218835e-10		9.971339e-11
1.39829		3.218902e-10		1.046607e-10
1.40016		3.320975e-10		1.023885e-10
1.40203		3.126042e-10		9.995779e-11
1.40390		3.161818e-10		9.654882e-11
1.40578		3.381786e-10		9.926986e-11
1.40765		3.088370e-10		1.030429e-10
1.40952		3.211935e-10		9.969952e-11
1.41139		3.153684e-10		9.286335e-11
1.41326		3.113161e-10		9.984558e-11
1.41514		3.302427e-10		1.019183e-10
1.41701		2.994595e-10		1.019490e-10
1.41888		3.167502e-10		9.938150e-11
1.42075		3.287140e-10		9.850730e-11
1.42262		3.089376e-10		8.892926e-11
1.42449		3.136669e-10		8.580995e-11
1.42637		3.034655e-10		9.894164e-11
1.42824		3.065604e-10		1.039791e-10
1.43011		2.961484e-10		1.049917e-10
1.43198		2.959445e-10		9.667205e-11
1.43385		2.942038e-10		9.504832e-11
1.43573		2.968369e-10		9.518702e-11
1.43760		2.997884e-10		1.009297e-10
1.43947		3.156843e-10		8.959810e-11
1.44134		3.058210e-10		8.985443e-11
1.44321		3.062602e-10		9.691233e-11
1.44509		2.892702e-10		8.735874e-11
1.44696		2.981011e-10		9.089487e-11
1.44883		2.835762e-10		9.412164e-11
1.45070		2.848831e-10		9.185806e-11
1.45257		2.848542e-10		9.990103e-11
1.45444		2.977625e-10		9.660901e-11
1.45632		2.953307e-10		9.016165e-11
1.45819		2.799488e-10		8.704249e-11
1.46006		2.670771e-10		8.762359e-11
1.46193		2.639878e-10		9.109443e-11
1.46380		2.711674e-10		9.225936e-11
1.46568		2.868632e-10		8.272071e-11
1.46755		2.765916e-10		8.961247e-11
1.46942		2.737492e-10		9.090753e-11
1.47129		2.699385e-10		9.412015e-11
1.47316		2.736443e-10		7.780936e-11
1.47504		2.752569e-10		8.682882e-11
1.47691		2.771793e-10		7.985259e-11
1.47878		2.665205e-10		8.445942e-11
1.48065		2.438040e-10		8.423752e-11
1.48252		2.600235e-10		8.620213e-11
1.48439		2.683067e-10		8.437763e-11
1.48627		2.596943e-10		8.484638e-11
1.48814		2.577332e-10		8.803352e-11
1.49001		2.556033e-10		8.290615e-11
1.49188		2.610150e-10		7.618427e-11
1.49375		2.500753e-10		8.268285e-11
1.49563		2.685127e-10		8.720269e-11
1.49750		2.572296e-10		9.080441e-11
1.49937		2.526353e-10		7.427117e-11
1.50124		2.593318e-10		7.930122e-11
1.50311		2.388548e-10		7.768859e-11
1.50498		2.367968e-10		7.099919e-11
1.50686		2.494013e-10		7.110488e-11
1.50873		2.457824e-10		6.871334e-11
1.51060		2.558621e-10		6.962709e-11
1.51247		2.519834e-10		7.905899e-11
1.51434		2.453238e-10		6.831103e-11
1.51622		2.422498e-10		7.920178e-11
1.51809		2.267354e-10		7.429017e-11
1.51996		2.453634e-10		7.191881e-11
1.52183		2.466504e-10		7.132759e-11
1.52370		2.425186e-10		7.452052e-11
1.52558		2.260900e-10		7.791195e-11
1.52745		2.345110e-10		7.280127e-11
1.52932		2.191771e-10		7.983643e-11
1.53119		2.225818e-10		7.398339e-11
1.53306		2.139693e-10		6.736285e-11
1.53493		2.204056e-10		7.246841e-11
1.53681		2.192717e-10		7.074410e-11
1.53868		2.116334e-10		7.305613e-11
1.54055		2.175266e-10		7.455530e-11
1.54242		2.220811e-10		7.374953e-11
1.54429		2.263305e-10		6.680421e-11
1.54617		2.125817e-10		7.574297e-11
1.54804		2.238941e-10		7.309397e-11
1.54991		2.090520e-10		7.164749e-11
1.55178		2.091019e-10		6.772610e-11
1.55365		2.109759e-10		6.673640e-11
1.55553		2.138237e-10		6.873365e-11
1.55740		2.119741e-10		6.907053e-11
1.55927		2.006188e-10		7.242778e-11
1.56114		2.040666e-10		6.920681e-11
1.56301		2.136050e-10		6.311619e-11
1.56488		2.086837e-10		6.305795e-11
1.56676		2.093400e-10		6.307676e-11
1.56863		2.129116e-10		6.077661e-11
1.57050		2.106579e-10		6.364532e-11
1.57237		1.958982e-10		6.242496e-11
1.57424		1.988034e-10		6.664248e-11
1.57612		2.041088e-10		5.914413e-11
1.57799		1.795614e-10		7.264430e-11
1.57986		1.874587e-10		6.742281e-11
1.58173		2.022523e-10		5.724753e-11
1.58360		1.866742e-10		6.247042e-11
1.58548		1.734726e-10		5.462590e-11
1.58735		1.839640e-10		5.725387e-11
1.58922		1.913034e-10		6.006092e-11
1.59109		1.757389e-10		6.442462e-11
1.59296		1.858973e-10		5.650353e-11
1.59483		1.785910e-10		5.355143e-11
1.59671		1.908424e-10		5.623860e-11
1.59858		1.801547e-10		5.252531e-11
1.60045		1.814612e-10		5.051041e-11
1.60232		1.834521e-10		5.311004e-11
1.60419		1.715633e-10		5.576996e-11
1.60607		1.768238e-10		5.383162e-11
1.60794		1.639015e-10		5.459331e-11
1.60981		1.702264e-10		5.217052e-11
1.61168		1.641343e-10		5.182657e-11
1.61355		1.727125e-10		5.547469e-11
1.61543		1.664557e-10		5.463072e-11
1.61730		1.626257e-10		5.196865e-11
1.61917		1.620369e-10		5.013356e-11
1.62104		1.547418e-10		5.082555e-11
1.62291		1.573633e-10		5.069906e-11
1.62478		1.549886e-10		4.563514e-11
1.62666		1.592297e-10		5.388335e-11
1.62853		1.559577e-10		4.741750e-11
1.63040		1.596108e-10		5.206442e-11
1.63227		1.501674e-10		4.450873e-11
1.63414		1.526586e-10		4.933286e-11
1.63602		1.554827e-10		5.095451e-11
1.63789		1.458141e-10		4.604614e-11
1.63976		1.434036e-10		4.743071e-11
1.64163		1.393175e-10		4.941331e-11
1.64350		1.517847e-10		5.056270e-11
1.64538		1.390294e-10		4.567734e-11
1.64725		1.501518e-10		4.195537e-11
1.64912		1.360853e-10		4.636587e-11
1.65099		1.387464e-10		4.408961e-11
1.65286		1.352866e-10		4.235475e-11
1.65473		1.400523e-10		4.427033e-11
1.65661		1.361588e-10		4.028269e-11
1.65848		1.321604e-10		4.424848e-11
1.66035		1.306085e-10		4.063522e-11
1.66222		1.320104e-10		3.906800e-11
1.66409		1.313750e-10		4.238085e-11
1.66597		1.264738e-10		3.960077e-11
1.66784		1.321382e-10		3.827389e-11
1.66971		1.210751e-10		4.213163e-11
1.67158		1.267328e-10		3.479482e-11
1.67345		1.212584e-10		3.827044e-11
1.67533		1.249375e-10		4.206880e-11
1.67720		1.197629e-10		4.033469e-11
1.67907		1.194527e-10		4.064041e-11
1.68094		1.192857e-10		3.605763e-11
1.68281		1.165164e-10		3.534104e-11
1.68468		1.094628e-10		3.369753e-11
1.68656		1.082266e-10		3.536346e-11
1.68843		1.083171e-10		3.472118e-11
1.69030		1.067969e-10		3.474837e-11
1.69217		1.122202e-10		3.330225e-11
1.69404		1.114697e-10		3.261809e-11
1.69592		1.038746e-10		3.461358e-11
1.69779		1.020575e-10		3.397070e-11
1.69966		1.035639e-10		3.455176e-11
1.70153		1.024015e-10		3.035103e-11
1.70340		9.783248e-11		3.267278e-11
1.70528		9.026699e-11		3.290489e-11
1.70715		1.013831e-10		3.034179e-11
1.70902		9.265548e-11		3.269361e-11
1.71089		9.569063e-11		3.394628e-11
1.71276		9.388007e-11		3.066284e-11
1.71463		9.116819e-11		3.005225e-11
1.71651		9.175259e-11		3.206024e-11
1.71838		9.099778e-11		2.755548e-11
1.72025		9.274889e-11		2.849046e-11
1.72212		8.811110e-11		2.805491e-11
1.72399		8.719753e-11		2.587999e-11
1.72587		8.396240e-11		2.674027e-11
1.72774		7.651569e-11		2.547832e-11
1.72961		8.564463e-11		2.357496e-11
1.73148		7.173061e-11		2.750112e-11
1.73335		7.910962e-11		2.418798e-11
1.73523		7.724818e-11		2.249035e-11
1.73710		7.268321e-11		2.434659e-11
1.73897		6.971218e-11		2.638753e-11
1.74084		7.061809e-11		2.468873e-11
1.74271		6.696464e-11		2.327147e-11
1.74458		7.258959e-11		2.164723e-11
1.74646		6.914816e-11		2.214613e-11
1.74833		6.955471e-11		1.982722e-11
1.75020		6.650239e-11		2.102149e-11
1.75207		6.233927e-11		2.065684e-11
1.75394		6.187096e-11		2.053715e-11
1.75582		6.078734e-11		2.024809e-11
1.75769		5.727374e-11		1.904274e-11
1.75956		5.695036e-11		1.959722e-11
1.76143		5.356012e-11		1.882917e-11
1.76330		5.418365e-11		1.942098e-11
1.76518		5.236658e-11		1.746914e-11
1.76705		4.979014e-11		1.745500e-11
1.76892		4.851688e-11		1.677589e-11
1.77079		4.811439e-11		1.819259e-11
1.77266		4.678728e-11		1.635548e-11
1.77453		4.401947e-11		1.667461e-11
1.77641		4.123200e-11		1.467339e-11
1.77828		4.003504e-11		1.614586e-11
1.78015		4.202114e-11		1.451502e-11
1.78202		3.858793e-11		1.328297e-11
1.78389		4.183181e-11		1.349746e-11
1.78577		3.519817e-11		1.280756e-11
1.78764		3.476615e-11		1.306543e-11
1.78951		3.295673e-11		1.399969e-11
1.79138		3.350069e-11		1.260830e-11
1.79325		3.343299e-11		1.360036e-11
1.79513		3.064753e-11		1.146783e-11
1.79700		2.834502e-11		1.229517e-11
1.79887		2.894315e-11		1.205775e-11
1.80074		2.538908e-11		1.095656e-11
1.80261		2.402913e-11		1.099739e-11
1.80448		2.043692e-11		9.862930e-12
1.80636		2.179269e-11		8.627098e-12
1.80823		1.928759e-11		8.840347e-12
1.81010		1.938771e-11		9.266145e-12
1.81197		1.630946e-11		9.515161e-12
1.81384		1.387162e-11		9.073057e-12
1.81572		1.357510e-11		7.989432e-12
1.81759		1.311743e-11		8.356484e-12
1.81946		1.078677e-11		7.721999e-12
1.82133		9.259970e-12		8.259255e-12
1.82320		8.851252e-12		7.211209e-12
1.82508		6.540047e-12		7.946645e-12
1.82695		5.630807e-12		7.252173e-12
1.82882		3.660859e-12		7.126678e-12
1.83069		1.675808e-12		7.267817e-12
1.83256		8.536287e-13		7.283134e-12
1.83443		-6.958977e-13		7.132638e-12
1.83631		3.851993e-13		6.508982e-12
1.83818		-5.697339e-13		6.711042e-12
1.84005		-3.770101e-13		7.415216e-12
1.84192		4.741476e-13		7.011280e-12
1.84379		-3.325745e-13		6.957889e-12
1.84567		1.944930e-13		7.117041e-12
1.84754		1.837108e-14		7.045475e-12
1.84941		-6.955752e-13		6.765083e-12
1.85128		-7.913508e-13		7.115249e-12
1.85315		-7.904487e-13		7.098192e-12
1.85503		-5.638928e-13		6.921356e-12
1.85690		-5.637723e-13		6.754372e-12
1.85877		7.982049e-13		6.643855e-12
1.86064		-2.517795e-13		6.686663e-12
1.86251		2.940117e-13		7.275953e-12
1.86438		-5.734458e-14		7.555861e-12
1.86626		6.915626e-13		7.249922e-12
1.86813		7.827499e-13		7.286341e-12
1.87000		4.335396e-13		7.299609e-12

Total data points: 1000
