PHOTOELECTRIC EFFECT LAB - RAW DATA
Date: 2026-04-06 17:33:22
Portland State University Physics Dept.
Photocathode: Material #1
Work Function: 4.3700 eV
Wavelength: 2600 Angstroms
Frequency: 1.153048e+15 Hz
============================================================

Raw Current Data:
----------------------------------------
V_r (V)		I_total (A)		sigma_I (A)
0.00000		8.862898e-09		2.604780e-09
0.00042		8.626820e-09		2.616001e-09
0.00084		8.279984e-09		2.468289e-09
0.00126		8.426264e-09		2.666549e-09
0.00168		8.650400e-09		2.743937e-09
0.00210		8.565320e-09		2.417939e-09
0.00252		8.768705e-09		2.574118e-09
0.00294		8.462102e-09		2.655061e-09
0.00336		8.083593e-09		2.528696e-09
0.00378		7.858565e-09		2.683668e-09
0.00420		8.088868e-09		2.756133e-09
0.00462		9.008283e-09		2.658020e-09
0.00505		8.252374e-09		2.425250e-09
0.00547		8.831267e-09		2.681455e-09
0.00589		8.137989e-09		2.611801e-09
0.00631		8.377255e-09		2.845483e-09
0.00673		8.424487e-09		2.589036e-09
0.00715		8.393746e-09		2.547296e-09
0.00757		8.038140e-09		2.757677e-09
0.00799		8.432020e-09		2.785884e-09
0.00841		8.386266e-09		2.638720e-09
0.00883		8.655661e-09		2.625058e-09
0.00925		8.511587e-09		2.652657e-09
0.00967		8.148352e-09		2.454149e-09
0.01009		8.306878e-09		2.540622e-09
0.01051		7.920862e-09		2.701695e-09
0.01093		8.267474e-09		2.669612e-09
0.01135		7.724766e-09		2.710707e-09
0.01177		8.836202e-09		2.673668e-09
0.01219		7.978997e-09		2.383393e-09
0.01261		8.307328e-09		2.826597e-09
0.01303		7.976243e-09		2.309463e-09
0.01345		8.539886e-09		2.811180e-09
0.01387		8.695173e-09		2.561179e-09
0.01429		8.489903e-09		2.826561e-09
0.01471		8.300109e-09		2.627008e-09
0.01514		8.567814e-09		2.578807e-09
0.01556		7.953389e-09		2.817911e-09
0.01598		8.459411e-09		2.704536e-09
0.01640		8.484785e-09		2.516837e-09
0.01682		8.186302e-09		2.606663e-09
0.01724		8.440868e-09		2.899481e-09
0.01766		8.319014e-09		2.684232e-09
0.01808		8.285710e-09		2.567991e-09
0.01850		7.941446e-09		2.680968e-09
0.01892		8.129763e-09		2.462605e-09
0.01934		8.383098e-09		2.599849e-09
0.01976		8.680540e-09		2.680386e-09
0.02018		8.215791e-09		2.565565e-09
0.02060		8.536886e-09		2.789016e-09
0.02102		8.235777e-09		2.542890e-09
0.02144		8.119098e-09		2.630974e-09
0.02186		8.351269e-09		2.848116e-09
0.02228		7.992917e-09		2.660782e-09
0.02270		8.357562e-09		2.908540e-09
0.02312		8.327380e-09		2.238047e-09
0.02354		8.166211e-09		2.591110e-09
0.02396		8.042436e-09		2.699597e-09
0.02438		8.670863e-09		2.771343e-09
0.02480		8.204431e-09		2.943662e-09
0.02523		8.509140e-09		2.652583e-09
0.02565		8.438285e-09		2.519775e-09
0.02607		8.370007e-09		2.694416e-09
0.02649		8.458606e-09		2.583879e-09
0.02691		8.592905e-09		2.722696e-09
0.02733		8.802008e-09		2.693738e-09
0.02775		8.094830e-09		2.581628e-09
0.02817		8.332594e-09		2.646412e-09
0.02859		8.067748e-09		2.622504e-09
0.02901		8.784915e-09		2.624765e-09
0.02943		8.730918e-09		2.668837e-09
0.02985		7.900021e-09		2.865138e-09
0.03027		8.175395e-09		2.694870e-09
0.03069		8.491274e-09		2.615735e-09
0.03111		8.513619e-09		2.614813e-09
0.03153		8.093608e-09		2.842669e-09
0.03195		8.311484e-09		2.787670e-09
0.03237		8.265238e-09		2.485021e-09
0.03279		8.256366e-09		2.585499e-09
0.03321		8.475502e-09		2.736968e-09
0.03363		8.365147e-09		2.583608e-09
0.03405		8.210997e-09		2.803101e-09
0.03447		8.492271e-09		2.648558e-09
0.03489		8.374442e-09		2.458853e-09
0.03532		8.428271e-09		2.534949e-09
0.03574		8.385328e-09		2.633477e-09
0.03616		8.181637e-09		2.425156e-09
0.03658		7.627067e-09		2.572719e-09
0.03700		8.402945e-09		2.776663e-09
0.03742		8.329275e-09		2.783446e-09
0.03784		8.164217e-09		2.478363e-09
0.03826		7.940911e-09		2.607633e-09
0.03868		8.494020e-09		2.614718e-09
0.03910		8.663668e-09		2.440968e-09
0.03952		8.307951e-09		2.612286e-09
0.03994		8.435273e-09		2.575668e-09
0.04036		8.228176e-09		2.751778e-09
0.04078		8.435091e-09		2.795377e-09
0.04120		8.106699e-09		2.675291e-09
0.04162		8.558569e-09		2.495364e-09
0.04204		8.794839e-09		2.740956e-09
0.04246		8.096457e-09		2.433515e-09
0.04288		8.439206e-09		2.499413e-09
0.04330		7.782382e-09		2.687785e-09
0.04372		8.681405e-09		2.463760e-09
0.04414		8.306427e-09		2.372825e-09
0.04456		8.461129e-09		2.409182e-09
0.04498		8.558309e-09		2.754353e-09
0.04541		8.395653e-09		2.451887e-09
0.04583		8.604378e-09		2.554843e-09
0.04625		8.418129e-09		2.734892e-09
0.04667		8.612009e-09		2.533101e-09
0.04709		8.584917e-09		2.585422e-09
0.04751		8.169497e-09		2.702601e-09
0.04793		8.496769e-09		2.547112e-09
0.04835		7.985685e-09		2.641314e-09
0.04877		7.919617e-09		2.382569e-09
0.04919		8.486719e-09		2.566791e-09
0.04961		8.475795e-09		2.586975e-09
0.05003		7.792024e-09		2.493163e-09
0.05045		8.286140e-09		2.476008e-09
0.05087		8.013550e-09		2.463350e-09
0.05129		7.997129e-09		2.635363e-09
0.05171		7.775268e-09		2.340714e-09
0.05213		8.220638e-09		2.850961e-09
0.05255		8.016024e-09		2.511493e-09
0.05297		8.541182e-09		2.518025e-09
0.05339		8.302862e-09		2.689392e-09
0.05381		8.600295e-09		2.570328e-09
0.05423		8.270028e-09		2.600068e-09
0.05465		8.087058e-09		2.477663e-09
0.05508		8.428142e-09		2.770468e-09
0.05550		8.222660e-09		2.498183e-09
0.05592		8.419469e-09		2.523318e-09
0.05634		8.154323e-09		2.699230e-09
0.05676		7.896512e-09		2.509832e-09
0.05718		8.584511e-09		2.363137e-09
0.05760		7.890272e-09		2.477384e-09
0.05802		8.088328e-09		2.534277e-09
0.05844		8.128468e-09		2.485872e-09
0.05886		7.747963e-09		2.747529e-09
0.05928		8.538826e-09		2.696104e-09
0.05970		8.139075e-09		2.501428e-09
0.06012		8.059931e-09		2.498521e-09
0.06054		8.358177e-09		2.449725e-09
0.06096		7.677281e-09		2.586512e-09
0.06138		8.014754e-09		2.655835e-09
0.06180		7.949161e-09		2.442771e-09
0.06222		8.450864e-09		2.601778e-09
0.06264		8.463436e-09		2.654102e-09
0.06306		8.283335e-09		2.546025e-09
0.06348		8.062795e-09		2.449037e-09
0.06390		8.248322e-09		2.576683e-09
0.06432		8.131885e-09		2.718832e-09
0.06474		7.925657e-09		2.616397e-09
0.06517		8.274703e-09		2.565602e-09
0.06559		7.884450e-09		2.552702e-09
0.06601		7.552232e-09		2.564964e-09
0.06643		8.553483e-09		2.561052e-09
0.06685		7.957272e-09		2.491862e-09
0.06727		8.341764e-09		2.603798e-09
0.06769		7.999423e-09		2.377479e-09
0.06811		8.362552e-09		2.495798e-09
0.06853		7.928354e-09		2.718951e-09
0.06895		8.392208e-09		2.457573e-09
0.06937		8.407451e-09		2.813222e-09
0.06979		7.486294e-09		2.589286e-09
0.07021		7.870959e-09		2.607832e-09
0.07063		8.210450e-09		2.519982e-09
0.07105		7.841776e-09		2.637191e-09
0.07147		8.192462e-09		2.603937e-09
0.07189		8.135419e-09		2.610305e-09
0.07231		8.235354e-09		2.483568e-09
0.07273		7.977902e-09		2.656669e-09
0.07315		8.075957e-09		2.486698e-09
0.07357		8.211240e-09		2.507193e-09
0.07399		8.269394e-09		2.513716e-09
0.07441		8.091044e-09		2.568913e-09
0.07483		8.120898e-09		2.697482e-09
0.07526		7.876967e-09		2.330082e-09
0.07568		8.403380e-09		2.236303e-09
0.07610		7.630028e-09		2.472740e-09
0.07652		7.975223e-09		2.464951e-09
0.07694		7.704151e-09		2.449309e-09
0.07736		7.565365e-09		2.563795e-09
0.07778		8.070495e-09		2.281917e-09
0.07820		8.235524e-09		2.412394e-09
0.07862		7.856005e-09		2.683319e-09
0.07904		7.812809e-09		2.463472e-09
0.07946		8.189268e-09		2.609507e-09
0.07988		7.782906e-09		2.578749e-09
0.08030		7.592397e-09		2.487051e-09
0.08072		7.593842e-09		2.315516e-09
0.08114		7.909798e-09		2.293401e-09
0.08156		8.443371e-09		2.495501e-09
0.08198		7.821139e-09		2.278179e-09
0.08240		8.262668e-09		2.628850e-09
0.08282		8.369704e-09		2.614777e-09
0.08324		8.098825e-09		2.359470e-09
0.08366		7.574936e-09		2.479630e-09
0.08408		8.200793e-09		2.635816e-09
0.08450		8.437676e-09		2.309347e-09
0.08492		8.307051e-09		2.225459e-09
0.08535		8.172067e-09		2.667669e-09
0.08577		7.800668e-09		2.650942e-09
0.08619		8.245657e-09		2.496942e-09
0.08661		7.719785e-09		2.265434e-09
0.08703		7.874615e-09		2.512930e-09
0.08745		7.613099e-09		2.596185e-09
0.08787		8.066562e-09		2.473198e-09
0.08829		7.859555e-09		2.499938e-09
0.08871		8.180199e-09		2.481305e-09
0.08913		7.997096e-09		2.411081e-09
0.08955		7.683265e-09		2.433065e-09
0.08997		7.422700e-09		2.601386e-09
0.09039		7.810943e-09		2.445003e-09
0.09081		7.502791e-09		2.431653e-09
0.09123		7.794762e-09		2.641995e-09
0.09165		7.747194e-09		2.423684e-09
0.09207		7.919625e-09		2.634379e-09
0.09249		7.820880e-09		2.355359e-09
0.09291		7.828937e-09		2.138358e-09
0.09333		7.676722e-09		2.488403e-09
0.09375		7.434680e-09		2.501448e-09
0.09417		8.116760e-09		2.435619e-09
0.09459		7.333762e-09		2.300737e-09
0.09502		7.957565e-09		2.584996e-09
0.09544		7.474856e-09		2.394373e-09
0.09586		7.610861e-09		2.520482e-09
0.09628		8.022500e-09		2.363053e-09
0.09670		7.733884e-09		2.365222e-09
0.09712		7.551394e-09		2.318219e-09
0.09754		8.020746e-09		2.475584e-09
0.09796		7.944695e-09		2.543785e-09
0.09838		7.587082e-09		2.583916e-09
0.09880		7.796566e-09		2.495128e-09
0.09922		7.938327e-09		2.460928e-09
0.09964		7.706176e-09		2.776078e-09
0.10006		7.637230e-09		2.434454e-09
0.10048		7.804906e-09		2.515737e-09
0.10090		7.900431e-09		2.364196e-09
0.10132		7.491400e-09		2.304526e-09
0.10174		7.821533e-09		2.376991e-09
0.10216		8.074857e-09		2.458586e-09
0.10258		7.719137e-09		2.521671e-09
0.10300		8.027906e-09		2.274230e-09
0.10342		7.321141e-09		2.253189e-09
0.10384		7.682455e-09		2.516738e-09
0.10426		7.910602e-09		2.422018e-09
0.10468		7.577954e-09		2.412657e-09
0.10511		7.509525e-09		2.509355e-09
0.10553		7.502866e-09		2.251150e-09
0.10595		7.801877e-09		2.531747e-09
0.10637		7.748009e-09		2.358786e-09
0.10679		7.608674e-09		2.399509e-09
0.10721		7.960878e-09		2.433840e-09
0.10763		7.461210e-09		2.553644e-09
0.10805		7.727212e-09		2.443633e-09
0.10847		7.608539e-09		2.527787e-09
0.10889		7.973150e-09		2.389143e-09
0.10931		8.015337e-09		2.385609e-09
0.10973		8.126049e-09		2.171996e-09
0.11015		7.499561e-09		2.481008e-09
0.11057		7.678173e-09		2.281248e-09
0.11099		7.792409e-09		2.583019e-09
0.11141		7.447592e-09		2.530835e-09
0.11183		7.610054e-09		2.328463e-09
0.11225		7.558629e-09		2.275508e-09
0.11267		7.662385e-09		2.122794e-09
0.11309		7.413630e-09		2.235696e-09
0.11351		7.639791e-09		2.244005e-09
0.11393		7.916392e-09		2.394051e-09
0.11435		7.772583e-09		2.415409e-09
0.11477		7.411684e-09		2.323410e-09
0.11520		7.354911e-09		2.498023e-09
0.11562		7.033338e-09		2.291823e-09
0.11604		7.610594e-09		2.663923e-09
0.11646		7.622353e-09		2.112953e-09
0.11688		7.751034e-09		2.314769e-09
0.11730		7.793996e-09		2.237228e-09
0.11772		7.615285e-09		2.452694e-09
0.11814		7.538737e-09		2.492104e-09
0.11856		7.427413e-09		2.423997e-09
0.11898		7.343876e-09		2.436580e-09
0.11940		7.427007e-09		2.422392e-09
0.11982		7.567763e-09		2.462093e-09
0.12024		7.525498e-09		2.301698e-09
0.12066		7.256194e-09		2.449316e-09
0.12108		7.609398e-09		2.250090e-09
0.12150		7.366598e-09		2.506554e-09
0.12192		7.567384e-09		2.430870e-09
0.12234		7.478328e-09		2.351149e-09
0.12276		7.570731e-09		2.240049e-09
0.12318		7.719742e-09		2.337001e-09
0.12360		7.008490e-09		2.176754e-09
0.12402		7.505028e-09		2.334794e-09
0.12444		7.740858e-09		2.248716e-09
0.12486		7.449727e-09		2.494215e-09
0.12529		7.351515e-09		2.314515e-09
0.12571		7.128308e-09		2.418272e-09
0.12613		8.032393e-09		2.190572e-09
0.12655		7.059507e-09		2.320928e-09
0.12697		7.470222e-09		2.459799e-09
0.12739		7.372031e-09		2.629405e-09
0.12781		7.479198e-09		2.456322e-09
0.12823		7.154045e-09		2.258524e-09
0.12865		7.639826e-09		2.262221e-09
0.12907		7.505206e-09		2.300852e-09
0.12949		7.473389e-09		2.257243e-09
0.12991		7.488422e-09		2.558994e-09
0.13033		7.821940e-09		2.265496e-09
0.13075		7.360002e-09		2.205310e-09
0.13117		7.431387e-09		2.302034e-09
0.13159		7.384833e-09		2.456426e-09
0.13201		7.325078e-09		2.316806e-09
0.13243		7.832175e-09		2.274142e-09
0.13285		7.436296e-09		2.348484e-09
0.13327		7.174407e-09		2.479932e-09
0.13369		7.233167e-09		2.403234e-09
0.13411		7.591933e-09		2.329580e-09
0.13453		7.174491e-09		2.699086e-09
0.13495		6.860130e-09		2.396017e-09
0.13538		7.613961e-09		2.384461e-09
0.13580		7.357279e-09		2.456511e-09
0.13622		7.703499e-09		2.119209e-09
0.13664		7.308013e-09		2.286659e-09
0.13706		7.367269e-09		2.232579e-09
0.13748		7.325522e-09		2.271322e-09
0.13790		7.386475e-09		2.205649e-09
0.13832		7.446055e-09		2.150885e-09
0.13874		7.496758e-09		2.284770e-09
0.13916		7.091833e-09		2.272594e-09
0.13958		7.464102e-09		2.246666e-09
0.14000		7.272794e-09		2.258972e-09
0.14042		7.211493e-09		2.151626e-09
0.14084		7.197513e-09		2.355554e-09
0.14126		7.383865e-09		2.310744e-09
0.14168		7.045445e-09		2.285257e-09
0.14210		7.147495e-09		2.188605e-09
0.14252		6.645194e-09		2.118734e-09
0.14294		7.186323e-09		2.089098e-09
0.14336		6.972948e-09		2.141245e-09
0.14378		7.271529e-09		2.299354e-09
0.14420		7.179406e-09		2.196016e-09
0.14462		7.085868e-09		2.263995e-09
0.14505		6.825242e-09		2.384149e-09
0.14547		6.947153e-09		2.245688e-09
0.14589		7.111257e-09		2.313219e-09
0.14631		7.434701e-09		2.192546e-09
0.14673		7.131521e-09		2.076743e-09
0.14715		7.124118e-09		2.007472e-09
0.14757		7.046416e-09		2.223405e-09
0.14799		7.251943e-09		2.531438e-09
0.14841		7.037217e-09		2.097307e-09
0.14883		7.243854e-09		2.107106e-09
0.14925		6.882650e-09		2.092282e-09
0.14967		6.952376e-09		2.146233e-09
0.15009		7.116280e-09		2.308925e-09
0.15051		6.919875e-09		2.250417e-09
0.15093		6.477539e-09		2.095937e-09
0.15135		7.172949e-09		2.257062e-09
0.15177		6.943013e-09		2.429385e-09
0.15219		7.387355e-09		2.390453e-09
0.15261		6.702354e-09		2.290329e-09
0.15303		6.694112e-09		2.332756e-09
0.15345		6.927840e-09		2.118184e-09
0.15387		7.035165e-09		2.253406e-09
0.15429		6.866675e-09		2.064520e-09
0.15471		6.823858e-09		2.217310e-09
0.15514		6.844102e-09		2.470872e-09
0.15556		6.808110e-09		2.104753e-09
0.15598		7.266079e-09		2.008096e-09
0.15640		6.868287e-09		2.055182e-09
0.15682		6.501765e-09		2.194436e-09
0.15724		7.298510e-09		2.224253e-09
0.15766		6.793586e-09		2.184519e-09
0.15808		6.833260e-09		2.369178e-09
0.15850		6.549790e-09		2.261418e-09
0.15892		7.133489e-09		2.149507e-09
0.15934		7.170994e-09		2.136947e-09
0.15976		7.067695e-09		2.222210e-09
0.16018		7.029764e-09		2.153801e-09
0.16060		7.159745e-09		2.190124e-09
0.16102		6.629753e-09		2.049552e-09
0.16144		6.928738e-09		2.269783e-09
0.16186		6.573893e-09		1.989965e-09
0.16228		6.897316e-09		2.180052e-09
0.16270		6.561216e-09		2.100609e-09
0.16312		6.881029e-09		2.034933e-09
0.16354		6.741517e-09		2.129211e-09
0.16396		6.523326e-09		1.972047e-09
0.16438		6.757238e-09		2.254349e-09
0.16480		6.668895e-09		2.082559e-09
0.16523		6.368206e-09		2.007077e-09
0.16565		6.922393e-09		2.045540e-09
0.16607		6.932585e-09		2.239760e-09
0.16649		6.763104e-09		2.052233e-09
0.16691		6.540066e-09		1.984241e-09
0.16733		6.730982e-09		1.947843e-09
0.16775		6.836101e-09		2.122660e-09
0.16817		6.867673e-09		2.105140e-09
0.16859		6.642273e-09		2.103551e-09
0.16901		6.983646e-09		2.125093e-09
0.16943		6.350558e-09		2.193533e-09
0.16985		6.535429e-09		2.150445e-09
0.17027		6.284594e-09		2.041069e-09
0.17069		6.704276e-09		2.102281e-09
0.17111		6.365970e-09		2.124644e-09
0.17153		6.630014e-09		2.194903e-09
0.17195		6.672602e-09		1.988634e-09
0.17237		6.555733e-09		1.975634e-09
0.17279		6.607258e-09		2.014463e-09
0.17321		6.197746e-09		1.896405e-09
0.17363		6.491294e-09		1.904492e-09
0.17405		6.332496e-09		2.093298e-09
0.17447		6.338444e-09		2.045175e-09
0.17489		6.720547e-09		2.016477e-09
0.17532		6.750717e-09		2.050615e-09
0.17574		6.534744e-09		2.146926e-09
0.17616		6.370067e-09		2.086158e-09
0.17658		6.347823e-09		2.013471e-09
0.17700		6.297995e-09		1.997509e-09
0.17742		6.359408e-09		2.121919e-09
0.17784		6.543978e-09		2.170012e-09
0.17826		6.256005e-09		2.039222e-09
0.17868		6.314403e-09		2.179088e-09
0.17910		6.088350e-09		2.022929e-09
0.17952		6.435080e-09		2.028645e-09
0.17994		6.467096e-09		1.974404e-09
0.18036		6.504295e-09		2.115004e-09
0.18078		6.277020e-09		2.119317e-09
0.18120		6.632399e-09		2.055815e-09
0.18162		6.701210e-09		1.884166e-09
0.18204		6.311608e-09		2.109251e-09
0.18246		6.550942e-09		1.787525e-09
0.18288		6.548290e-09		2.153098e-09
0.18330		6.499628e-09		1.973665e-09
0.18372		5.946390e-09		2.224632e-09
0.18414		6.193045e-09		2.028280e-09
0.18456		6.121578e-09		1.864569e-09
0.18498		6.060283e-09		1.953890e-09
0.18541		6.054087e-09		2.104522e-09
0.18583		6.077950e-09		1.913596e-09
0.18625		6.187966e-09		2.003539e-09
0.18667		6.149732e-09		1.936314e-09
0.18709		6.391562e-09		2.042868e-09
0.18751		6.364895e-09		1.946906e-09
0.18793		6.789125e-09		1.839118e-09
0.18835		6.306767e-09		2.028037e-09
0.18877		6.462020e-09		1.948846e-09
0.18919		6.432329e-09		1.801247e-09
0.18961		6.368879e-09		1.955476e-09
0.19003		6.169372e-09		2.203371e-09
0.19045		5.956861e-09		1.867576e-09
0.19087		5.993775e-09		2.002605e-09
0.19129		6.484898e-09		1.809041e-09
0.19171		6.269909e-09		1.977446e-09
0.19213		6.078807e-09		2.032545e-09
0.19255		6.015674e-09		1.870810e-09
0.19297		6.217837e-09		1.980995e-09
0.19339		5.729627e-09		1.911250e-09
0.19381		6.188342e-09		1.829007e-09
0.19423		6.406629e-09		2.019972e-09
0.19465		6.031697e-09		2.034216e-09
0.19508		6.298148e-09		1.973887e-09
0.19550		6.030983e-09		1.937599e-09
0.19592		6.080444e-09		1.842222e-09
0.19634		6.231425e-09		1.985204e-09
0.19676		5.873628e-09		1.773029e-09
0.19718		5.918792e-09		2.003861e-09
0.19760		6.303332e-09		1.884316e-09
0.19802		5.757129e-09		1.958654e-09
0.19844		5.826144e-09		1.920260e-09
0.19886		6.292503e-09		1.802676e-09
0.19928		5.864888e-09		2.023195e-09
0.19970		6.145803e-09		1.671970e-09
0.20012		5.923838e-09		1.959367e-09
0.20054		6.279355e-09		1.908703e-09
0.20096		5.826696e-09		1.722272e-09
0.20138		5.886754e-09		1.871239e-09
0.20180		5.667220e-09		1.747721e-09
0.20222		5.752332e-09		1.679260e-09
0.20264		5.846402e-09		1.901144e-09
0.20306		6.006066e-09		1.927850e-09
0.20348		5.720963e-09		2.015036e-09
0.20390		6.189474e-09		1.919846e-09
0.20432		5.877002e-09		1.773386e-09
0.20474		5.562562e-09		1.739155e-09
0.20517		6.020898e-09		1.782756e-09
0.20559		5.632074e-09		1.914167e-09
0.20601		5.761475e-09		1.904125e-09
0.20643		5.945067e-09		1.900388e-09
0.20685		5.742895e-09		1.637303e-09
0.20727		5.832487e-09		1.885418e-09
0.20769		5.974768e-09		1.853983e-09
0.20811		5.732248e-09		1.821172e-09
0.20853		5.875257e-09		1.893911e-09
0.20895		5.877126e-09		1.857529e-09
0.20937		5.709643e-09		1.896108e-09
0.20979		5.569790e-09		1.678370e-09
0.21021		5.757970e-09		1.902321e-09
0.21063		5.442579e-09		1.700029e-09
0.21105		6.015822e-09		1.640363e-09
0.21147		5.502972e-09		1.824591e-09
0.21189		5.788775e-09		1.973883e-09
0.21231		5.664511e-09		1.737288e-09
0.21273		5.757405e-09		1.702582e-09
0.21315		5.666938e-09		2.008575e-09
0.21357		5.482337e-09		1.769897e-09
0.21399		5.444590e-09		1.860976e-09
0.21441		5.739600e-09		1.861415e-09
0.21483		5.800505e-09		1.740792e-09
0.21526		5.556247e-09		1.856249e-09
0.21568		5.732492e-09		1.755203e-09
0.21610		5.694523e-09		1.622043e-09
0.21652		5.363732e-09		1.634035e-09
0.21694		5.628587e-09		1.760128e-09
0.21736		5.623142e-09		1.689321e-09
0.21778		5.441139e-09		1.682021e-09
0.21820		5.744145e-09		1.711925e-09
0.21862		5.839088e-09		1.661946e-09
0.21904		5.564857e-09		1.745143e-09
0.21946		5.501783e-09		1.657011e-09
0.21988		5.452061e-09		1.813194e-09
0.22030		5.522304e-09		1.860885e-09
0.22072		5.649846e-09		1.753719e-09
0.22114		5.388148e-09		1.659371e-09
0.22156		5.627174e-09		1.663147e-09
0.22198		5.423796e-09		1.670371e-09
0.22240		5.509787e-09		1.801894e-09
0.22282		5.259091e-09		1.805844e-09
0.22324		5.540987e-09		1.687421e-09
0.22366		5.609845e-09		1.820899e-09
0.22408		5.306879e-09		1.805118e-09
0.22450		5.405431e-09		1.734064e-09
0.22492		5.084519e-09		1.695406e-09
0.22535		4.999977e-09		1.668300e-09
0.22577		5.340691e-09		1.737873e-09
0.22619		5.363180e-09		1.688206e-09
0.22661		5.431290e-09		1.735173e-09
0.22703		5.228512e-09		1.594818e-09
0.22745		5.499854e-09		1.728285e-09
0.22787		5.594820e-09		1.840590e-09
0.22829		5.206474e-09		1.726609e-09
0.22871		5.412669e-09		1.675270e-09
0.22913		5.117701e-09		1.909193e-09
0.22955		5.450762e-09		1.575349e-09
0.22997		5.140490e-09		1.728361e-09
0.23039		5.139235e-09		1.593389e-09
0.23081		5.377041e-09		1.533147e-09
0.23123		5.225320e-09		1.794627e-09
0.23165		5.170634e-09		1.627929e-09
0.23207		5.222165e-09		1.743751e-09
0.23249		5.247973e-09		1.639033e-09
0.23291		4.936780e-09		1.663695e-09
0.23333		4.961296e-09		1.668934e-09
0.23375		5.242927e-09		1.534728e-09
0.23417		5.166352e-09		1.731252e-09
0.23459		5.211730e-09		1.659205e-09
0.23502		5.444257e-09		1.589846e-09
0.23544		5.106462e-09		1.796549e-09
0.23586		5.168994e-09		1.606731e-09
0.23628		5.293590e-09		1.662567e-09
0.23670		4.878384e-09		1.518550e-09
0.23712		4.938241e-09		1.554905e-09
0.23754		5.165476e-09		1.603410e-09
0.23796		5.182155e-09		1.590029e-09
0.23838		5.180276e-09		1.614263e-09
0.23880		4.837756e-09		1.531344e-09
0.23922		5.053143e-09		1.363079e-09
0.23964		4.884341e-09		1.534957e-09
0.24006		4.940592e-09		1.561994e-09
0.24048		4.859120e-09		1.500952e-09
0.24090		5.029812e-09		1.673008e-09
0.24132		4.866453e-09		1.690276e-09
0.24174		4.768754e-09		1.561896e-09
0.24216		4.717548e-09		1.463171e-09
0.24258		4.970464e-09		1.406172e-09
0.24300		4.627398e-09		1.525750e-09
0.24342		4.812655e-09		1.395857e-09
0.24384		5.011850e-09		1.565853e-09
0.24426		4.586683e-09		1.390985e-09
0.24468		4.863776e-09		1.456698e-09
0.24511		4.680276e-09		1.424062e-09
0.24553		4.937308e-09		1.541955e-09
0.24595		4.682341e-09		1.541836e-09
0.24637		4.689727e-09		1.622764e-09
0.24679		4.810554e-09		1.545797e-09
0.24721		4.560171e-09		1.511548e-09
0.24763		4.693037e-09		1.565407e-09
0.24805		4.718725e-09		1.473507e-09
0.24847		4.779444e-09		1.557821e-09
0.24889		4.806708e-09		1.394596e-09
0.24931		4.636131e-09		1.537056e-09
0.24973		4.769870e-09		1.458429e-09
0.25015		4.715987e-09		1.469254e-09
0.25057		4.527974e-09		1.513400e-09
0.25099		4.684784e-09		1.701486e-09
0.25141		4.557241e-09		1.516928e-09
0.25183		4.554907e-09		1.353572e-09
0.25225		4.400017e-09		1.446379e-09
0.25267		4.629192e-09		1.517288e-09
0.25309		4.468286e-09		1.501456e-09
0.25351		4.619092e-09		1.536865e-09
0.25393		4.734607e-09		1.347771e-09
0.25435		4.594849e-09		1.513081e-09
0.25477		4.547909e-09		1.540840e-09
0.25520		4.454729e-09		1.584114e-09
0.25562		4.558146e-09		1.469589e-09
0.25604		4.844969e-09		1.379977e-09
0.25646		4.626325e-09		1.352328e-09
0.25688		4.594561e-09		1.516191e-09
0.25730		4.553541e-09		1.345613e-09
0.25772		4.611937e-09		1.412091e-09
0.25814		4.491555e-09		1.437313e-09
0.25856		4.428376e-09		1.301145e-09
0.25898		4.372341e-09		1.433837e-09
0.25940		4.440552e-09		1.448359e-09
0.25982		4.403915e-09		1.246146e-09
0.26024		4.561355e-09		1.430619e-09
0.26066		4.519613e-09		1.411573e-09
0.26108		4.385994e-09		1.306924e-09
0.26150		4.338280e-09		1.284712e-09
0.26192		4.385334e-09		1.452263e-09
0.26234		4.340373e-09		1.424571e-09
0.26276		4.257379e-09		1.411401e-09
0.26318		4.525768e-09		1.291935e-09
0.26360		4.264564e-09		1.379109e-09
0.26402		4.196024e-09		1.368628e-09
0.26444		4.217111e-09		1.416214e-09
0.26486		4.375764e-09		1.408725e-09
0.26529		4.193408e-09		1.343369e-09
0.26571		4.168174e-09		1.324205e-09
0.26613		4.118602e-09		1.428715e-09
0.26655		4.298444e-09		1.362382e-09
0.26697		4.238925e-09		1.313500e-09
0.26739		4.051363e-09		1.395277e-09
0.26781		4.465894e-09		1.328840e-09
0.26823		4.196793e-09		1.159750e-09
0.26865		4.182117e-09		1.213061e-09
0.26907		4.294307e-09		1.285887e-09
0.26949		4.166759e-09		1.235459e-09
0.26991		4.385191e-09		1.370805e-09
0.27033		4.118452e-09		1.377424e-09
0.27075		4.178816e-09		1.287871e-09
0.27117		4.229219e-09		1.280874e-09
0.27159		4.215297e-09		1.225198e-09
0.27201		4.112153e-09		1.311539e-09
0.27243		4.325384e-09		1.192195e-09
0.27285		3.945226e-09		1.238395e-09
0.27327		4.236905e-09		1.388208e-09
0.27369		4.135706e-09		1.132895e-09
0.27411		4.373818e-09		1.305995e-09
0.27453		4.195154e-09		1.223115e-09
0.27495		3.874245e-09		1.263545e-09
0.27538		4.134267e-09		1.318015e-09
0.27580		3.821938e-09		1.259928e-09
0.27622		3.950652e-09		1.243173e-09
0.27664		3.955833e-09		1.233627e-09
0.27706		3.839540e-09		1.185690e-09
0.27748		3.833368e-09		1.287410e-09
0.27790		4.010444e-09		1.252759e-09
0.27832		3.870384e-09		1.217264e-09
0.27874		3.867865e-09		1.196794e-09
0.27916		3.929877e-09		1.247141e-09
0.27958		3.797128e-09		1.178247e-09
0.28000		4.012207e-09		1.442225e-09
0.28042		3.845793e-09		1.114637e-09
0.28084		3.850757e-09		1.350997e-09
0.28126		3.736193e-09		1.241461e-09
0.28168		3.759854e-09		1.233584e-09
0.28210		3.682758e-09		1.103272e-09
0.28252		3.886279e-09		1.261310e-09
0.28294		3.728257e-09		1.209502e-09
0.28336		3.858068e-09		1.237249e-09
0.28378		3.653273e-09		1.218354e-09
0.28420		3.799177e-09		1.169159e-09
0.28462		3.969275e-09		1.196192e-09
0.28505		3.547829e-09		1.244817e-09
0.28547		3.546920e-09		1.241241e-09
0.28589		3.651753e-09		1.109554e-09
0.28631		3.601889e-09		1.094725e-09
0.28673		3.633234e-09		1.179489e-09
0.28715		3.449317e-09		1.154447e-09
0.28757		3.812596e-09		1.071912e-09
0.28799		3.720758e-09		1.087876e-09
0.28841		3.700763e-09		1.118515e-09
0.28883		3.455199e-09		1.212393e-09
0.28925		3.595210e-09		1.078519e-09
0.28967		3.709621e-09		1.060059e-09
0.29009		3.515799e-09		1.092092e-09
0.29051		3.505096e-09		1.164366e-09
0.29093		3.433070e-09		1.165344e-09
0.29135		3.374074e-09		1.072666e-09
0.29177		3.620809e-09		1.095369e-09
0.29219		3.520589e-09		1.094054e-09
0.29261		3.332150e-09		1.163396e-09
0.29303		3.449712e-09		1.076748e-09
0.29345		3.429462e-09		1.194349e-09
0.29387		3.506982e-09		1.112234e-09
0.29429		3.564658e-09		1.049555e-09
0.29471		3.430104e-09		1.053045e-09
0.29514		3.327636e-09		1.153977e-09
0.29556		3.330678e-09		1.016631e-09
0.29598		3.447633e-09		9.887086e-10
0.29640		3.192790e-09		1.027156e-09
0.29682		3.523066e-09		1.074197e-09
0.29724		3.313483e-09		1.152127e-09
0.29766		3.474367e-09		1.096235e-09
0.29808		3.439356e-09		1.022426e-09
0.29850		3.341366e-09		1.020997e-09
0.29892		3.408001e-09		1.122373e-09
0.29934		3.212736e-09		1.026426e-09
0.29976		3.270510e-09		1.101153e-09
0.30018		3.268875e-09		1.041921e-09
0.30060		3.222602e-09		1.055831e-09
0.30102		3.213711e-09		9.859495e-10
0.30144		3.074958e-09		1.079156e-09
0.30186		3.204440e-09		9.743105e-10
0.30228		3.093970e-09		1.036768e-09
0.30270		3.259718e-09		1.036907e-09
0.30312		3.299943e-09		1.079246e-09
0.30354		3.244613e-09		1.029228e-09
0.30396		3.031614e-09		9.793122e-10
0.30438		3.106995e-09		1.059355e-09
0.30480		3.126078e-09		9.551663e-10
0.30523		3.065108e-09		1.009656e-09
0.30565		3.123191e-09		8.595305e-10
0.30607		3.249468e-09		9.963298e-10
0.30649		2.951695e-09		9.360317e-10
0.30691		2.875448e-09		8.622543e-10
0.30733		3.222444e-09		9.814394e-10
0.30775		3.087377e-09		9.749768e-10
0.30817		2.971825e-09		9.238256e-10
0.30859		3.030073e-09		9.711369e-10
0.30901		3.067142e-09		9.207415e-10
0.30943		2.966824e-09		1.001168e-09
0.30985		2.958340e-09		9.923101e-10
0.31027		2.988623e-09		9.818439e-10
0.31069		3.106120e-09		8.693337e-10
0.31111		2.910060e-09		9.965549e-10
0.31153		3.094345e-09		9.505916e-10
0.31195		2.852573e-09		9.227345e-10
0.31237		2.997584e-09		9.067547e-10
0.31279		2.945021e-09		8.567219e-10
0.31321		2.841705e-09		9.098676e-10
0.31363		2.791159e-09		8.854365e-10
0.31405		2.922074e-09		8.796397e-10
0.31447		2.942062e-09		9.290990e-10
0.31489		2.915268e-09		9.393804e-10
0.31532		2.703665e-09		8.689040e-10
0.31574		2.769080e-09		7.922158e-10
0.31616		2.722465e-09		9.041545e-10
0.31658		2.667136e-09		8.841641e-10
0.31700		2.732193e-09		8.732205e-10
0.31742		2.652412e-09		7.985567e-10
0.31784		2.704522e-09		9.287150e-10
0.31826		2.602816e-09		8.537478e-10
0.31868		2.746112e-09		8.146913e-10
0.31910		2.659725e-09		8.541047e-10
0.31952		2.631213e-09		8.728974e-10
0.31994		2.527778e-09		8.504117e-10
0.32036		2.531952e-09		8.559884e-10
0.32078		2.620347e-09		8.512518e-10
0.32120		2.708773e-09		8.046358e-10
0.32162		2.598444e-09		8.957412e-10
0.32204		2.580150e-09		8.361500e-10
0.32246		2.788820e-09		8.319665e-10
0.32288		2.519195e-09		8.232311e-10
0.32330		2.479118e-09		7.632483e-10
0.32372		2.492918e-09		7.692933e-10
0.32414		2.479097e-09		7.785634e-10
0.32456		2.505710e-09		7.488272e-10
0.32498		2.344874e-09		7.794391e-10
0.32541		2.520046e-09		8.050342e-10
0.32583		2.464948e-09		7.041075e-10
0.32625		2.610536e-09		7.587199e-10
0.32667		2.436171e-09		7.532209e-10
0.32709		2.445987e-09		7.604543e-10
0.32751		2.435980e-09		8.003267e-10
0.32793		2.547654e-09		7.615476e-10
0.32835		2.489631e-09		7.487896e-10
0.32877		2.478446e-09		7.428984e-10
0.32919		2.414811e-09		7.047589e-10
0.32961		2.401936e-09		7.317023e-10
0.33003		2.351199e-09		7.167614e-10
0.33045		2.451249e-09		7.086613e-10
0.33087		2.486709e-09		7.209689e-10
0.33129		2.255443e-09		6.799325e-10
0.33171		2.258646e-09		7.765510e-10
0.33213		2.354390e-09		7.146487e-10
0.33255		2.380224e-09		6.916230e-10
0.33297		2.329725e-09		7.171126e-10
0.33339		2.133405e-09		7.236010e-10
0.33381		2.248152e-09		6.822648e-10
0.33423		2.241626e-09		6.538220e-10
0.33465		2.191388e-09		6.719592e-10
0.33508		2.242337e-09		6.798062e-10
0.33550		2.180984e-09		7.328457e-10
0.33592		2.157556e-09		6.569563e-10
0.33634		2.140693e-09		6.982079e-10
0.33676		2.145465e-09		6.770802e-10
0.33718		2.149181e-09		6.619680e-10
0.33760		2.160472e-09		6.443415e-10
0.33802		2.049722e-09		6.552991e-10
0.33844		2.200943e-09		6.522934e-10
0.33886		2.032170e-09		6.564968e-10
0.33928		2.063294e-09		6.736397e-10
0.33970		2.042566e-09		5.895680e-10
0.34012		2.074744e-09		6.096986e-10
0.34054		2.073124e-09		6.316462e-10
0.34096		1.970452e-09		6.631089e-10
0.34138		1.983870e-09		6.559506e-10
0.34180		1.928158e-09		5.512684e-10
0.34222		1.952368e-09		6.106221e-10
0.34264		1.983043e-09		6.440405e-10
0.34306		1.928134e-09		6.144240e-10
0.34348		2.008657e-09		6.030896e-10
0.34390		1.841991e-09		6.315733e-10
0.34432		1.852701e-09		6.233239e-10
0.34474		2.006323e-09		5.551864e-10
0.34517		1.818908e-09		5.795011e-10
0.34559		1.899030e-09		5.825365e-10
0.34601		1.807947e-09		5.998210e-10
0.34643		1.802256e-09		6.070851e-10
0.34685		1.715864e-09		5.281879e-10
0.34727		1.741035e-09		5.397061e-10
0.34769		1.731763e-09		5.589140e-10
0.34811		1.802182e-09		5.982544e-10
0.34853		1.862459e-09		5.642358e-10
0.34895		1.804464e-09		5.766916e-10
0.34937		1.754071e-09		5.513737e-10
0.34979		1.742886e-09		5.034898e-10
0.35021		1.717238e-09		5.329541e-10
0.35063		1.686270e-09		5.409932e-10
0.35105		1.642426e-09		4.983185e-10
0.35147		1.684375e-09		5.338466e-10
0.35189		1.642095e-09		5.258795e-10
0.35231		1.682504e-09		5.351208e-10
0.35273		1.644138e-09		5.338462e-10
0.35315		1.597520e-09		4.856649e-10
0.35357		1.524739e-09		4.945874e-10
0.35399		1.522622e-09		5.090128e-10
0.35441		1.574012e-09		4.613482e-10
0.35483		1.585473e-09		4.736280e-10
0.35526		1.537155e-09		4.767998e-10
0.35568		1.485201e-09		4.855509e-10
0.35610		1.421532e-09		4.820073e-10
0.35652		1.404627e-09		4.275780e-10
0.35694		1.511987e-09		5.229908e-10
0.35736		1.525770e-09		5.019347e-10
0.35778		1.492719e-09		4.475238e-10
0.35820		1.497388e-09		4.530682e-10
0.35862		1.452455e-09		4.716802e-10
0.35904		1.388993e-09		4.560389e-10
0.35946		1.440145e-09		4.416877e-10
0.35988		1.392333e-09		4.185146e-10
0.36030		1.381036e-09		4.506442e-10
0.36072		1.297548e-09		4.155029e-10
0.36114		1.350958e-09		4.334373e-10
0.36156		1.355455e-09		4.421268e-10
0.36198		1.329738e-09		4.098162e-10
0.36240		1.367518e-09		4.143659e-10
0.36282		1.258459e-09		4.028544e-10
0.36324		1.291850e-09		3.672698e-10
0.36366		1.223150e-09		3.966552e-10
0.36408		1.256177e-09		3.842824e-10
0.36450		1.278340e-09		3.926316e-10
0.36492		1.184315e-09		3.652690e-10
0.36535		1.243086e-09		4.008508e-10
0.36577		1.245911e-09		3.864728e-10
0.36619		1.208410e-09		3.624750e-10
0.36661		1.181292e-09		3.704641e-10
0.36703		1.177777e-09		3.702743e-10
0.36745		1.139759e-09		3.774290e-10
0.36787		1.163544e-09		3.905343e-10
0.36829		1.098564e-09		3.783424e-10
0.36871		1.043693e-09		3.461089e-10
0.36913		1.058135e-09		3.189123e-10
0.36955		1.097729e-09		3.296389e-10
0.36997		1.118273e-09		3.383520e-10
0.37039		1.112068e-09		3.383747e-10
0.37081		9.951252e-10		3.207459e-10
0.37123		1.077825e-09		3.261894e-10
0.37165		1.049484e-09		3.290592e-10
0.37207		9.915177e-10		3.157810e-10
0.37249		9.548683e-10		2.952972e-10
0.37291		9.601785e-10		3.030508e-10
0.37333		9.171149e-10		3.069725e-10
0.37375		9.629509e-10		3.014434e-10
0.37417		8.819578e-10		3.144967e-10
0.37459		9.387697e-10		2.939792e-10
0.37502		8.469272e-10		2.920520e-10
0.37544		9.089643e-10		2.787980e-10
0.37586		8.233681e-10		2.734839e-10
0.37628		8.752410e-10		2.905518e-10
0.37670		8.787291e-10		2.869615e-10
0.37712		8.360539e-10		2.525002e-10
0.37754		8.156814e-10		2.780246e-10
0.37796		8.035856e-10		2.482520e-10
0.37838		8.079911e-10		2.348545e-10
0.37880		7.491698e-10		2.365424e-10
0.37922		7.565595e-10		2.498466e-10
0.37964		7.156581e-10		2.395062e-10
0.38006		7.364225e-10		2.131840e-10
0.38048		7.191492e-10		2.199940e-10
0.38090		7.130285e-10		2.469755e-10
0.38132		6.662052e-10		1.980507e-10
0.38174		6.557174e-10		2.145927e-10
0.38216		6.616210e-10		2.090758e-10
0.38258		6.085474e-10		2.207757e-10
0.38300		6.124977e-10		1.870908e-10
0.38342		6.062619e-10		1.908172e-10
0.38384		6.044238e-10		2.219985e-10
0.38426		6.014092e-10		2.037337e-10
0.38468		5.697707e-10		1.737118e-10
0.38511		5.758982e-10		1.984052e-10
0.38553		5.536551e-10		1.774051e-10
0.38595		5.492544e-10		1.683314e-10
0.38637		5.263567e-10		1.634890e-10
0.38679		5.053261e-10		1.697519e-10
0.38721		4.947417e-10		1.654784e-10
0.38763		4.812523e-10		1.488303e-10
0.38805		4.674319e-10		1.676017e-10
0.38847		4.857118e-10		1.384720e-10
0.38889		4.322925e-10		1.308669e-10
0.38931		4.070590e-10		1.323871e-10
0.38973		4.028661e-10		1.278453e-10
0.39015		4.202426e-10		1.319607e-10
0.39057		4.034020e-10		1.306279e-10
0.39099		3.690863e-10		1.118162e-10
0.39141		3.650329e-10		1.068397e-10
0.39183		3.651435e-10		1.013958e-10
0.39225		3.283175e-10		9.306520e-11
0.39267		3.101639e-10		9.839942e-11
0.39309		3.095325e-10		9.820192e-11
0.39351		2.831118e-10		9.630734e-11
0.39393		2.817319e-10		7.976384e-11
0.39435		2.782838e-10		8.434442e-11
0.39477		2.526617e-10		7.840674e-11
0.39520		2.335215e-10		7.634159e-11
0.39562		2.171950e-10		7.049047e-11
0.39604		1.969567e-10		6.948303e-11
0.39646		1.915378e-10		6.260572e-11
0.39688		1.915586e-10		5.252641e-11
0.39730		1.649132e-10		5.335608e-11
0.39772		1.413866e-10		5.076824e-11
0.39814		1.399334e-10		4.544246e-11
0.39856		1.251231e-10		4.112657e-11
0.39898		1.070560e-10		3.115470e-11
0.39940		1.006926e-10		2.894307e-11
0.39982		8.052342e-11		2.988601e-11
0.40024		6.980236e-11		2.332139e-11
0.40066		5.563689e-11		1.916493e-11
0.40108		4.182312e-11		1.427302e-11
0.40150		3.007460e-11		1.200514e-11
0.40192		1.509916e-11		8.867379e-12
0.40234		2.509380e-13		6.631814e-12
0.40276		-2.970623e-13		6.647846e-12
0.40318		-7.287938e-13		6.795019e-12
0.40360		-5.670522e-14		6.397971e-12
0.40402		7.557555e-13		7.641566e-12
0.40444		7.791157e-13		6.750656e-12
0.40486		-5.149584e-13		7.077416e-12
0.40529		-1.785618e-13		6.776106e-12
0.40571		3.383555e-13		7.184298e-12
0.40613		5.002660e-13		7.168017e-12
0.40655		2.126315e-13		7.411708e-12
0.40697		8.388186e-14		6.948970e-12
0.40739		7.166063e-13		6.712681e-12
0.40781		7.903776e-13		7.287698e-12
0.40823		-7.575031e-13		7.159773e-12
0.40865		-1.180969e-12		6.966916e-12
0.40907		1.125106e-13		6.444301e-12
0.40949		-4.309961e-13		6.610689e-12
0.40991		-1.155670e-12		6.606226e-12
0.41033		-5.138076e-13		7.407160e-12
0.41075		7.034038e-13		6.952007e-12
0.41117		1.016287e-13		6.921821e-12
0.41159		-3.212843e-13		6.922805e-12
0.41201		2.113370e-13		6.979191e-12
0.41243		2.599526e-13		6.554838e-12
0.41285		4.228887e-13		6.124260e-12
0.41327		2.186022e-13		6.924497e-12
0.41369		-9.636714e-13		7.044893e-12
0.41411		7.580383e-13		7.092840e-12
0.41453		7.687060e-13		6.815381e-12
0.41495		3.665997e-13		6.718683e-12
0.41538		3.160589e-13		6.843878e-12
0.41580		2.992561e-13		6.542810e-12
0.41622		-4.753076e-13		7.020236e-12
0.41664		-6.410618e-13		6.698722e-12
0.41706		-4.760814e-13		6.828103e-12
0.41748		6.412203e-14		6.947612e-12
0.41790		-1.574938e-12		6.708281e-12
0.41832		6.447289e-13		7.038121e-12
0.41874		1.099060e-12		7.136466e-12
0.41916		-2.908378e-13		6.469066e-12
0.41958		-3.511279e-13		7.398457e-12
0.42000		-6.326624e-13		7.663769e-12

Total data points: 1000
