PHOTOELECTRIC EFFECT LAB - RAW DATA
Date: 2026-04-06 17:45:09
Portland State University Physics Dept.
Photocathode: Material #1
Work Function: 4.3700 eV
Wavelength: 1800 Angstroms
Frequency: 1.665514e+15 Hz
============================================================

Raw Current Data:
----------------------------------------
V_r (V)		I_total (A)		sigma_I (A)
0.00000		2.968244e-10		8.701941e-11
0.00267		2.929554e-10		8.745246e-11
0.00535		2.856125e-10		9.544036e-11
0.00802		2.829296e-10		8.936359e-11
0.01069		2.872643e-10		1.004122e-10
0.01336		2.927647e-10		9.665151e-11
0.01604		2.917823e-10		9.722378e-11
0.01871		2.729653e-10		8.650747e-11
0.02138		2.771498e-10		9.017527e-11
0.02405		2.980617e-10		8.972763e-11
0.02673		2.921818e-10		9.406287e-11
0.02940		3.037847e-10		9.377288e-11
0.03207		2.869172e-10		9.640266e-11
0.03474		3.028066e-10		9.531833e-11
0.03742		2.794328e-10		8.843859e-11
0.04009		3.005483e-10		9.141313e-11
0.04276		3.116698e-10		9.664849e-11
0.04544		2.923937e-10		9.390636e-11
0.04811		2.906283e-10		1.023041e-10
0.05078		2.990784e-10		9.471932e-11
0.05345		3.042647e-10		8.974298e-11
0.05613		2.939607e-10		9.081824e-11
0.05880		2.969962e-10		8.415182e-11
0.06147		2.769884e-10		9.477450e-11
0.06414		2.896918e-10		8.832552e-11
0.06682		2.669549e-10		8.818629e-11
0.06949		2.941362e-10		8.900060e-11
0.07216		3.035080e-10		8.911048e-11
0.07483		2.895847e-10		9.831835e-11
0.07751		2.756456e-10		8.992278e-11
0.08018		2.947582e-10		8.901255e-11
0.08285		2.994367e-10		9.011954e-11
0.08553		2.775195e-10		9.135056e-11
0.08820		2.868805e-10		9.160518e-11
0.09087		2.883966e-10		9.444556e-11
0.09354		2.876415e-10		9.667337e-11
0.09622		3.076092e-10		9.100508e-11
0.09889		3.045021e-10		8.425976e-11
0.10156		2.861644e-10		8.907632e-11
0.10423		2.836489e-10		8.867025e-11
0.10691		3.006492e-10		8.640389e-11
0.10958		2.811266e-10		8.381903e-11
0.11225		2.894218e-10		9.403506e-11
0.11492		2.880527e-10		8.429128e-11
0.11760		2.985866e-10		9.483747e-11
0.12027		2.806365e-10		9.332835e-11
0.12294		2.990386e-10		8.739512e-11
0.12562		3.011327e-10		8.946715e-11
0.12829		2.790330e-10		9.303203e-11
0.13096		2.821275e-10		8.743044e-11
0.13363		2.665717e-10		9.005028e-11
0.13631		2.795283e-10		8.121440e-11
0.13898		3.025273e-10		1.034548e-10
0.14165		2.937230e-10		9.010239e-11
0.14432		2.914692e-10		8.633873e-11
0.14700		2.933298e-10		9.447625e-11
0.14967		2.797176e-10		9.393702e-11
0.15234		2.971056e-10		9.460583e-11
0.15502		2.923799e-10		8.807952e-11
0.15769		2.809059e-10		9.231180e-11
0.16036		2.959468e-10		8.923178e-11
0.16303		3.002610e-10		8.515691e-11
0.16571		2.993826e-10		8.523887e-11
0.16838		2.810381e-10		9.745313e-11
0.17105		2.942114e-10		9.439928e-11
0.17372		2.975022e-10		9.874239e-11
0.17640		2.962119e-10		9.524330e-11
0.17907		2.788003e-10		9.290051e-11
0.18174		2.936754e-10		8.824133e-11
0.18441		2.864017e-10		9.776930e-11
0.18709		2.981377e-10		9.369875e-11
0.18976		2.976369e-10		7.921685e-11
0.19243		2.801475e-10		9.473948e-11
0.19511		3.057101e-10		9.362280e-11
0.19778		2.890458e-10		9.469747e-11
0.20045		2.913399e-10		8.677376e-11
0.20312		2.874086e-10		9.308672e-11
0.20580		2.909260e-10		9.200543e-11
0.20847		2.937900e-10		8.521798e-11
0.21114		2.864416e-10		9.629921e-11
0.21381		2.786163e-10		8.746564e-11
0.21649		2.970430e-10		8.573457e-11
0.21916		2.931209e-10		8.683630e-11
0.22183		2.799535e-10		8.585789e-11
0.22450		3.009794e-10		8.428532e-11
0.22718		2.838529e-10		8.032921e-11
0.22985		2.858946e-10		9.699409e-11
0.23252		2.950086e-10		8.617009e-11
0.23520		2.768250e-10		9.383329e-11
0.23787		3.017536e-10		8.897020e-11
0.24054		2.952817e-10		9.652485e-11
0.24321		2.969279e-10		8.751455e-11
0.24589		2.872520e-10		8.972787e-11
0.24856		2.727474e-10		9.979886e-11
0.25123		2.857241e-10		1.003907e-10
0.25390		2.860165e-10		9.241683e-11
0.25658		2.844504e-10		8.909015e-11
0.25925		2.829265e-10		8.594417e-11
0.26192		2.752367e-10		9.562515e-11
0.26459		2.865344e-10		8.304718e-11
0.26727		2.798852e-10		9.576810e-11
0.26994		2.884601e-10		8.824927e-11
0.27261		3.057723e-10		8.453630e-11
0.27529		2.737405e-10		8.957602e-11
0.27796		2.874355e-10		8.582192e-11
0.28063		2.677188e-10		8.056096e-11
0.28330		2.780263e-10		8.841500e-11
0.28598		2.895108e-10		9.140391e-11
0.28865		3.052391e-10		9.844709e-11
0.29132		2.807925e-10		9.809600e-11
0.29399		3.017169e-10		9.697108e-11
0.29667		2.908088e-10		8.742814e-11
0.29934		2.785109e-10		9.001649e-11
0.30201		2.802983e-10		9.047977e-11
0.30468		2.926040e-10		8.725986e-11
0.30736		2.974316e-10		8.675312e-11
0.31003		2.769008e-10		8.771114e-11
0.31270		2.846828e-10		9.573471e-11
0.31538		3.010666e-10		9.672666e-11
0.31805		2.802517e-10		9.048856e-11
0.32072		2.851217e-10		8.581224e-11
0.32339		2.862270e-10		9.666786e-11
0.32607		2.994233e-10		9.537563e-11
0.32874		2.722434e-10		9.356418e-11
0.33141		2.797391e-10		9.243815e-11
0.33408		2.933787e-10		9.444410e-11
0.33676		2.726491e-10		8.393002e-11
0.33943		3.010844e-10		8.777756e-11
0.34210		2.823785e-10		8.105180e-11
0.34477		2.875490e-10		9.034707e-11
0.34745		2.920237e-10		8.779845e-11
0.35012		2.697503e-10		8.594725e-11
0.35279		2.814005e-10		9.285036e-11
0.35547		2.841123e-10		8.775465e-11
0.35814		2.919280e-10		8.408151e-11
0.36081		2.832277e-10		8.683210e-11
0.36348		2.914629e-10		9.543423e-11
0.36616		2.874453e-10		8.865213e-11
0.36883		2.938970e-10		8.886562e-11
0.37150		2.773012e-10		8.278118e-11
0.37417		2.921788e-10		8.365491e-11
0.37685		2.951578e-10		9.124285e-11
0.37952		2.768243e-10		8.768607e-11
0.38219		2.878117e-10		7.684324e-11
0.38486		2.856856e-10		9.193867e-11
0.38754		2.952633e-10		9.010834e-11
0.39021		2.863660e-10		9.342519e-11
0.39288		2.795952e-10		9.393842e-11
0.39556		2.736539e-10		8.951965e-11
0.39823		2.842760e-10		8.860160e-11
0.40090		2.795222e-10		7.845034e-11
0.40357		2.806388e-10		8.924461e-11
0.40625		2.807640e-10		9.414498e-11
0.40892		2.748102e-10		8.967423e-11
0.41159		2.701609e-10		8.419926e-11
0.41426		2.882369e-10		9.175957e-11
0.41694		2.766005e-10		9.540253e-11
0.41961		2.657657e-10		9.102358e-11
0.42228		2.897490e-10		8.885552e-11
0.42495		2.873372e-10		9.696207e-11
0.42763		2.734765e-10		8.718907e-11
0.43030		2.751912e-10		9.755545e-11
0.43297		2.732515e-10		9.512104e-11
0.43565		2.879654e-10		9.497369e-11
0.43832		2.790825e-10		9.200134e-11
0.44099		2.849058e-10		8.914693e-11
0.44366		2.744081e-10		8.536754e-11
0.44634		2.788155e-10		8.351672e-11
0.44901		2.996363e-10		8.933071e-11
0.45168		2.797890e-10		9.138476e-11
0.45435		2.737321e-10		9.566753e-11
0.45703		2.685304e-10		8.690826e-11
0.45970		2.964623e-10		8.556722e-11
0.46237		2.661742e-10		9.050640e-11
0.46505		2.725776e-10		9.169483e-11
0.46772		2.796914e-10		9.051911e-11
0.47039		2.815007e-10		8.582102e-11
0.47306		2.835815e-10		8.926422e-11
0.47574		2.780424e-10		9.274708e-11
0.47841		2.554755e-10		8.565441e-11
0.48108		2.760371e-10		8.927568e-11
0.48375		2.544843e-10		8.807287e-11
0.48643		2.822579e-10		8.711177e-11
0.48910		2.689692e-10		8.835787e-11
0.49177		2.444972e-10		8.024230e-11
0.49444		2.722315e-10		8.817754e-11
0.49712		2.895278e-10		8.290368e-11
0.49979		2.732726e-10		9.451105e-11
0.50246		2.650137e-10		7.926429e-11
0.50514		2.664688e-10		9.042931e-11
0.50781		2.976287e-10		8.155054e-11
0.51048		2.668914e-10		8.653958e-11
0.51315		2.746633e-10		8.523581e-11
0.51583		2.840010e-10		8.675377e-11
0.51850		2.533632e-10		8.216136e-11
0.52117		2.823810e-10		9.198799e-11
0.52384		2.697551e-10		8.404685e-11
0.52652		2.802116e-10		9.054378e-11
0.52919		2.849971e-10		9.749512e-11
0.53186		2.713203e-10		7.852502e-11
0.53453		2.784821e-10		8.506829e-11
0.53721		2.823849e-10		7.922170e-11
0.53988		2.675301e-10		8.337734e-11
0.54255		2.698783e-10		9.147502e-11
0.54523		2.722692e-10		8.624606e-11
0.54790		2.634004e-10		8.031951e-11
0.55057		2.704428e-10		7.989059e-11
0.55324		2.693358e-10		8.093529e-11
0.55592		2.912516e-10		8.352401e-11
0.55859		2.662720e-10		8.645382e-11
0.56126		2.776234e-10		8.816601e-11
0.56393		2.776456e-10		8.481650e-11
0.56661		2.638487e-10		8.473451e-11
0.56928		2.710038e-10		8.739150e-11
0.57195		2.807141e-10		9.135745e-11
0.57462		2.741613e-10		8.794409e-11
0.57730		2.728957e-10		8.245666e-11
0.57997		2.735656e-10		8.073636e-11
0.58264		2.854654e-10		8.549641e-11
0.58532		2.767432e-10		8.619002e-11
0.58799		2.655331e-10		9.207889e-11
0.59066		2.614894e-10		8.618999e-11
0.59333		2.842195e-10		8.385276e-11
0.59601		2.664927e-10		8.416711e-11
0.59868		2.890386e-10		7.768148e-11
0.60135		2.668358e-10		8.666733e-11
0.60402		2.776479e-10		8.222940e-11
0.60670		2.552338e-10		8.569773e-11
0.60937		2.620263e-10		8.094518e-11
0.61204		2.672910e-10		9.021550e-11
0.61471		2.758077e-10		8.940500e-11
0.61739		2.560248e-10		8.048612e-11
0.62006		2.621637e-10		8.644748e-11
0.62273		2.738239e-10		9.089692e-11
0.62541		2.867812e-10		9.172188e-11
0.62808		2.626910e-10		7.812915e-11
0.63075		2.543493e-10		7.967033e-11
0.63342		2.611450e-10		8.850607e-11
0.63610		2.607094e-10		8.586492e-11
0.63877		2.527478e-10		9.396862e-11
0.64144		2.854762e-10		8.014338e-11
0.64411		2.654844e-10		8.771766e-11
0.64679		2.852797e-10		7.888721e-11
0.64946		2.821447e-10		7.853192e-11
0.65213		2.699736e-10		8.499648e-11
0.65480		2.538224e-10		8.194823e-11
0.65748		2.623835e-10		9.070644e-11
0.66015		2.750206e-10		8.304485e-11
0.66282		2.816689e-10		7.844270e-11
0.66550		2.409869e-10		8.488449e-11
0.66817		2.748126e-10		8.633586e-11
0.67084		2.591436e-10		8.697329e-11
0.67351		2.732435e-10		8.439481e-11
0.67619		2.652540e-10		8.593991e-11
0.67886		2.778472e-10		7.950031e-11
0.68153		2.814985e-10		8.484076e-11
0.68420		2.765157e-10		8.176072e-11
0.68688		2.554284e-10		8.492855e-11
0.68955		2.701058e-10		8.800718e-11
0.69222		2.559938e-10		8.631257e-11
0.69489		2.373453e-10		7.604101e-11
0.69757		2.540998e-10		8.183017e-11
0.70024		2.501846e-10		7.832281e-11
0.70291		2.683111e-10		8.315865e-11
0.70559		2.608433e-10		8.038213e-11
0.70826		2.545793e-10		7.959065e-11
0.71093		2.609152e-10		8.251795e-11
0.71360		2.701779e-10		8.636426e-11
0.71628		2.590414e-10		8.384073e-11
0.71895		2.773963e-10		8.052707e-11
0.72162		2.488585e-10		7.847017e-11
0.72429		2.513602e-10		8.284915e-11
0.72697		2.662128e-10		9.299531e-11
0.72964		2.489814e-10		8.262040e-11
0.73231		2.680455e-10		8.372991e-11
0.73498		2.651050e-10		8.943874e-11
0.73766		2.520476e-10		7.827961e-11
0.74033		2.621699e-10		8.294326e-11
0.74300		2.435386e-10		8.080681e-11
0.74568		2.603031e-10		7.506506e-11
0.74835		2.531975e-10		8.008370e-11
0.75102		2.649366e-10		7.659029e-11
0.75369		2.586266e-10		7.429374e-11
0.75637		2.765592e-10		7.928842e-11
0.75904		2.475688e-10		8.985139e-11
0.76171		2.746695e-10		7.979995e-11
0.76438		2.647459e-10		8.696987e-11
0.76706		2.524735e-10		8.210926e-11
0.76973		2.635649e-10		7.448345e-11
0.77240		2.529466e-10		8.460018e-11
0.77508		2.621484e-10		8.356312e-11
0.77775		2.477811e-10		8.139012e-11
0.78042		2.671668e-10		8.517694e-11
0.78309		2.570994e-10		7.677292e-11
0.78577		2.576952e-10		7.817454e-11
0.78844		2.547868e-10		7.616762e-11
0.79111		2.603653e-10		8.897035e-11
0.79378		2.402770e-10		7.735826e-11
0.79646		2.634353e-10		8.898234e-11
0.79913		2.455808e-10		8.453774e-11
0.80180		2.672695e-10		7.565311e-11
0.80447		2.513105e-10		8.099115e-11
0.80715		2.507860e-10		8.090811e-11
0.80982		2.560791e-10		8.289201e-11
0.81249		2.700460e-10		8.309497e-11
0.81517		2.462469e-10		8.336502e-11
0.81784		2.508912e-10		7.868808e-11
0.82051		2.456640e-10		7.186045e-11
0.82318		2.579242e-10		8.391358e-11
0.82586		2.520223e-10		8.719737e-11
0.82853		2.594043e-10		7.960424e-11
0.83120		2.648058e-10		8.003284e-11
0.83387		2.439386e-10		7.801604e-11
0.83655		2.623895e-10		7.972387e-11
0.83922		2.557682e-10		7.384354e-11
0.84189		2.467526e-10		7.907349e-11
0.84456		2.424695e-10		8.499021e-11
0.84724		2.499315e-10		7.440730e-11
0.84991		2.529121e-10		7.684253e-11
0.85258		2.548637e-10		7.756308e-11
0.85526		2.447890e-10		7.544859e-11
0.85793		2.452471e-10		7.486191e-11
0.86060		2.516956e-10		7.913285e-11
0.86327		2.531052e-10		7.575552e-11
0.86595		2.475788e-10		7.608317e-11
0.86862		2.346635e-10		7.020003e-11
0.87129		2.382876e-10		8.322820e-11
0.87396		2.510529e-10		7.605735e-11
0.87664		2.424727e-10		8.089900e-11
0.87931		2.406645e-10		7.839110e-11
0.88198		2.271036e-10		7.365743e-11
0.88465		2.550038e-10		8.533593e-11
0.88733		2.518621e-10		7.842077e-11
0.89000		2.546742e-10		8.152357e-11
0.89267		2.565611e-10		7.867267e-11
0.89535		2.427163e-10		8.377242e-11
0.89802		2.529075e-10		7.444332e-11
0.90069		2.537220e-10		7.902882e-11
0.90336		2.460384e-10		8.424375e-11
0.90604		2.603058e-10		7.898209e-11
0.90871		2.455272e-10		7.428640e-11
0.91138		2.335777e-10		8.573096e-11
0.91405		2.445601e-10		7.838894e-11
0.91673		2.629616e-10		7.526669e-11
0.91940		2.486517e-10		7.652037e-11
0.92207		2.513098e-10		7.511773e-11
0.92474		2.478910e-10		7.589738e-11
0.92742		2.459653e-10		7.393451e-11
0.93009		2.479239e-10		8.515626e-11
0.93276		2.467732e-10		8.089658e-11
0.93544		2.426644e-10		7.082166e-11
0.93811		2.509267e-10		7.613675e-11
0.94078		2.336346e-10		7.544791e-11
0.94345		2.461268e-10		7.439171e-11
0.94613		2.410853e-10		7.327795e-11
0.94880		2.327886e-10		8.029940e-11
0.95147		2.415375e-10		7.456815e-11
0.95414		2.488912e-10		7.745747e-11
0.95682		2.340210e-10		7.088478e-11
0.95949		2.400055e-10		7.797470e-11
0.96216		2.361788e-10		7.554675e-11
0.96483		2.483539e-10		7.805443e-11
0.96751		2.374628e-10		7.960733e-11
0.97018		2.378905e-10		7.389537e-11
0.97285		2.269049e-10		7.826477e-11
0.97553		2.341463e-10		7.512435e-11
0.97820		2.434771e-10		7.131106e-11
0.98087		2.523095e-10		7.653629e-11
0.98354		2.346668e-10		7.692602e-11
0.98622		2.269970e-10		7.149325e-11
0.98889		2.333798e-10		7.640583e-11
0.99156		2.378359e-10		8.130594e-11
0.99423		2.429686e-10		6.912845e-11
0.99691		2.377803e-10		8.033248e-11
0.99958		2.495398e-10		7.426388e-11
1.00225		2.339825e-10		7.647749e-11
1.00492		2.322092e-10		7.439971e-11
1.00760		2.366255e-10		6.946234e-11
1.01027		2.415452e-10		7.192734e-11
1.01294		2.344434e-10		7.684948e-11
1.01562		2.363090e-10		7.634477e-11
1.01829		2.371556e-10		6.655841e-11
1.02096		2.427641e-10		7.327675e-11
1.02363		2.435826e-10		7.272649e-11
1.02631		2.373125e-10		7.331420e-11
1.02898		2.296199e-10		7.722102e-11
1.03165		2.296024e-10		7.729384e-11
1.03432		2.271102e-10		7.693757e-11
1.03700		2.495981e-10		6.707944e-11
1.03967		2.247205e-10		7.228530e-11
1.04234		2.323548e-10		7.392091e-11
1.04502		2.309043e-10		6.821943e-11
1.04769		2.243868e-10		6.927761e-11
1.05036		2.282209e-10		6.863509e-11
1.05303		2.234792e-10		7.331713e-11
1.05571		2.298445e-10		8.254857e-11
1.05838		2.326115e-10		7.116287e-11
1.06105		2.384716e-10		7.627979e-11
1.06372		2.240612e-10		7.089571e-11
1.06640		2.115379e-10		6.306718e-11
1.06907		2.433597e-10		7.289946e-11
1.07174		2.251661e-10		7.882049e-11
1.07441		2.247945e-10		7.019336e-11
1.07709		2.258990e-10		6.862876e-11
1.07976		2.164224e-10		7.984207e-11
1.08243		2.073444e-10		7.011185e-11
1.08511		2.225784e-10		7.563934e-11
1.08778		2.106108e-10		6.938881e-11
1.09045		2.235995e-10		7.166980e-11
1.09312		2.191215e-10		7.138797e-11
1.09580		2.311141e-10		7.805572e-11
1.09847		2.204463e-10		6.869377e-11
1.10114		2.282091e-10		6.707767e-11
1.10381		2.137067e-10		6.605854e-11
1.10649		2.160126e-10		6.879322e-11
1.10916		2.141642e-10		6.654958e-11
1.11183		2.270200e-10		6.888271e-11
1.11450		2.245100e-10		7.158290e-11
1.11718		2.136469e-10		6.933458e-11
1.11985		2.260535e-10		7.112178e-11
1.12252		2.214165e-10		7.058658e-11
1.12520		2.230868e-10		7.362367e-11
1.12787		2.212273e-10		7.050237e-11
1.13054		2.205257e-10		7.066739e-11
1.13321		2.172259e-10		7.446315e-11
1.13589		2.278008e-10		7.250131e-11
1.13856		2.251955e-10		6.837972e-11
1.14123		2.149075e-10		7.143414e-11
1.14390		2.057961e-10		6.952109e-11
1.14658		2.212614e-10		6.757891e-11
1.14925		2.234018e-10		6.628671e-11
1.15192		2.081400e-10		6.556313e-11
1.15459		2.144737e-10		7.599922e-11
1.15727		2.070642e-10		7.126709e-11
1.15994		2.175674e-10		6.548764e-11
1.16261		2.198779e-10		6.478400e-11
1.16529		2.248284e-10		7.018950e-11
1.16796		2.238670e-10		7.459193e-11
1.17063		2.131284e-10		7.016843e-11
1.17330		2.149116e-10		7.191465e-11
1.17598		2.140611e-10		6.781841e-11
1.17865		2.052561e-10		6.452457e-11
1.18132		2.157864e-10		6.509698e-11
1.18399		2.113398e-10		6.583056e-11
1.18667		2.107448e-10		7.303525e-11
1.18934		2.187186e-10		6.813293e-11
1.19201		2.258809e-10		6.879370e-11
1.19468		2.115654e-10		7.043020e-11
1.19736		2.184147e-10		6.645086e-11
1.20003		2.189706e-10		6.847048e-11
1.20270		2.120763e-10		6.478465e-11
1.20538		1.993993e-10		7.072806e-11
1.20805		2.046182e-10		6.262285e-11
1.21072		2.202067e-10		6.589577e-11
1.21339		2.020308e-10		6.627331e-11
1.21607		2.107968e-10		6.641895e-11
1.21874		2.176634e-10		6.823056e-11
1.22141		2.149989e-10		7.148444e-11
1.22408		2.153488e-10		6.557688e-11
1.22676		2.052082e-10		6.814202e-11
1.22943		2.124054e-10		7.137379e-11
1.23210		2.157100e-10		6.492012e-11
1.23477		2.059597e-10		6.206727e-11
1.23745		2.019020e-10		7.207783e-11
1.24012		2.101296e-10		6.541633e-11
1.24279		2.138749e-10		6.247331e-11
1.24547		2.161648e-10		6.291073e-11
1.24814		2.096910e-10		6.760965e-11
1.25081		2.074130e-10		6.678780e-11
1.25348		2.120745e-10		6.816180e-11
1.25616		2.037111e-10		7.157347e-11
1.25883		2.098333e-10		6.620647e-11
1.26150		1.997238e-10		6.330070e-11
1.26417		2.114379e-10		6.538342e-11
1.26685		2.090463e-10		6.625077e-11
1.26952		2.035920e-10		7.254566e-11
1.27219		2.051847e-10		6.754176e-11
1.27486		2.030019e-10		7.077333e-11
1.27754		2.105422e-10		6.497437e-11
1.28021		2.062641e-10		6.495558e-11
1.28288		2.105895e-10		6.611660e-11
1.28556		1.945817e-10		6.329514e-11
1.28823		1.962962e-10		6.230462e-11
1.29090		1.951692e-10		6.532583e-11
1.29357		2.016610e-10		6.201343e-11
1.29625		1.981297e-10		6.137576e-11
1.29892		1.980828e-10		6.140911e-11
1.30159		2.056113e-10		6.823760e-11
1.30426		2.026550e-10		6.256673e-11
1.30694		2.030615e-10		6.449563e-11
1.30961		1.888414e-10		6.161644e-11
1.31228		1.979080e-10		6.954427e-11
1.31495		1.976151e-10		6.282396e-11
1.31763		1.998546e-10		6.085175e-11
1.32030		2.024486e-10		6.618564e-11
1.32297		1.942474e-10		6.011951e-11
1.32565		2.069673e-10		6.752035e-11
1.32832		1.947472e-10		6.308595e-11
1.33099		2.008940e-10		6.483543e-11
1.33366		1.979141e-10		6.157360e-11
1.33634		1.962881e-10		5.838462e-11
1.33901		2.076911e-10		5.948288e-11
1.34168		1.876392e-10		6.139086e-11
1.34435		1.924258e-10		6.043027e-11
1.34703		1.991576e-10		6.497302e-11
1.34970		1.916462e-10		5.980187e-11
1.35237		1.929457e-10		6.190075e-11
1.35505		1.911796e-10		6.447255e-11
1.35772		1.917610e-10		6.464064e-11
1.36039		1.982679e-10		6.278249e-11
1.36306		1.890391e-10		5.861747e-11
1.36574		1.944669e-10		6.320172e-11
1.36841		1.908059e-10		5.938286e-11
1.37108		1.923203e-10		5.931239e-11
1.37375		1.774444e-10		5.672609e-11
1.37643		1.912314e-10		5.969207e-11
1.37910		1.927833e-10		6.268316e-11
1.38177		1.908806e-10		6.032647e-11
1.38444		1.858830e-10		5.738361e-11
1.38712		1.908526e-10		6.157312e-11
1.38979		1.831298e-10		5.853396e-11
1.39246		1.896690e-10		6.260576e-11
1.39514		1.768342e-10		6.119972e-11
1.39781		1.842019e-10		5.816397e-11
1.40048		1.820627e-10		5.508056e-11
1.40315		1.756502e-10		6.170963e-11
1.40583		1.904973e-10		5.537023e-11
1.40850		1.938550e-10		6.273769e-11
1.41117		1.872238e-10		5.954880e-11
1.41384		1.886867e-10		5.237373e-11
1.41652		1.941951e-10		5.988746e-11
1.41919		1.820659e-10		6.635797e-11
1.42186		1.769309e-10		5.258385e-11
1.42453		1.809174e-10		5.828825e-11
1.42721		1.782759e-10		6.714957e-11
1.42988		1.876647e-10		5.718207e-11
1.43255		1.888500e-10		5.697894e-11
1.43523		1.810889e-10		5.652273e-11
1.43790		1.857842e-10		5.790129e-11
1.44057		1.744369e-10		5.569880e-11
1.44324		1.847724e-10		5.992156e-11
1.44592		1.889137e-10		5.273795e-11
1.44859		1.947066e-10		5.896334e-11
1.45126		1.795459e-10		5.609372e-11
1.45393		1.807160e-10		6.061663e-11
1.45661		1.792124e-10		5.630989e-11
1.45928		1.803670e-10		6.018210e-11
1.46195		1.828801e-10		5.693657e-11
1.46462		1.764097e-10		5.309868e-11
1.46730		1.673094e-10		5.712548e-11
1.46997		1.737953e-10		5.443370e-11
1.47264		1.767176e-10		5.657157e-11
1.47532		1.713535e-10		5.623477e-11
1.47799		1.752869e-10		5.099201e-11
1.48066		1.726181e-10		5.874732e-11
1.48333		1.784841e-10		5.391595e-11
1.48601		1.758944e-10		5.399946e-11
1.48868		1.721326e-10		6.242806e-11
1.49135		1.828506e-10		6.214474e-11
1.49402		1.788144e-10		5.861928e-11
1.49670		1.682208e-10		5.222103e-11
1.49937		1.784364e-10		6.004810e-11
1.50204		1.745391e-10		5.688695e-11
1.50471		1.719059e-10		4.980142e-11
1.50739		1.697027e-10		5.645836e-11
1.51006		1.775193e-10		5.471020e-11
1.51273		1.601046e-10		5.485983e-11
1.51541		1.809800e-10		5.216738e-11
1.51808		1.733854e-10		5.175027e-11
1.52075		1.656187e-10		5.099022e-11
1.52342		1.737226e-10		5.431009e-11
1.52610		1.682529e-10		5.470639e-11
1.52877		1.655791e-10		5.290468e-11
1.53144		1.666337e-10		5.211263e-11
1.53411		1.693794e-10		4.765307e-11
1.53679		1.671072e-10		5.203258e-11
1.53946		1.714677e-10		5.204170e-11
1.54213		1.647472e-10		5.340770e-11
1.54480		1.693330e-10		5.366853e-11
1.54748		1.733066e-10		5.147409e-11
1.55015		1.650634e-10		5.313135e-11
1.55282		1.556826e-10		4.883744e-11
1.55550		1.614502e-10		5.115465e-11
1.55817		1.747021e-10		5.236434e-11
1.56084		1.669073e-10		5.386805e-11
1.56351		1.615703e-10		5.388324e-11
1.56619		1.528525e-10		4.805366e-11
1.56886		1.549119e-10		5.257569e-11
1.57153		1.691787e-10		5.723391e-11
1.57420		1.638729e-10		5.372975e-11
1.57688		1.646043e-10		4.761643e-11
1.57955		1.622143e-10		5.478006e-11
1.58222		1.675112e-10		5.008322e-11
1.58489		1.595677e-10		4.785042e-11
1.58757		1.530416e-10		4.973384e-11
1.59024		1.589731e-10		5.119844e-11
1.59291		1.538568e-10		5.341655e-11
1.59559		1.606013e-10		5.314241e-11
1.59826		1.647523e-10		4.895891e-11
1.60093		1.618376e-10		5.071815e-11
1.60360		1.617039e-10		5.108193e-11
1.60628		1.550995e-10		5.489228e-11
1.60895		1.655949e-10		4.754444e-11
1.61162		1.556823e-10		4.978604e-11
1.61429		1.579704e-10		5.077322e-11
1.61697		1.560793e-10		5.343520e-11
1.61964		1.525158e-10		4.984603e-11
1.62231		1.553304e-10		4.522508e-11
1.62498		1.456728e-10		5.188184e-11
1.62766		1.575447e-10		4.813545e-11
1.63033		1.572018e-10		4.857729e-11
1.63300		1.556088e-10		5.263452e-11
1.63568		1.470373e-10		4.967816e-11
1.63835		1.471259e-10		4.672468e-11
1.64102		1.576868e-10		5.044154e-11
1.64369		1.520104e-10		5.024425e-11
1.64637		1.437588e-10		4.434189e-11
1.64904		1.526315e-10		4.706135e-11
1.65171		1.554634e-10		4.791706e-11
1.65438		1.531844e-10		4.898251e-11
1.65706		1.462682e-10		5.152158e-11
1.65973		1.569280e-10		4.438876e-11
1.66240		1.394777e-10		5.022213e-11
1.66508		1.439376e-10		4.846145e-11
1.66775		1.417223e-10		4.479483e-11
1.67042		1.440236e-10		4.574960e-11
1.67309		1.457661e-10		4.835271e-11
1.67577		1.432193e-10		4.537377e-11
1.67844		1.452865e-10		4.999907e-11
1.68111		1.530151e-10		4.662611e-11
1.68378		1.466207e-10		4.467680e-11
1.68646		1.446659e-10		5.027283e-11
1.68913		1.441302e-10		4.415103e-11
1.69180		1.418128e-10		4.330622e-11
1.69447		1.425915e-10		4.806634e-11
1.69715		1.507785e-10		4.100084e-11
1.69982		1.517466e-10		4.829438e-11
1.70249		1.543907e-10		4.716672e-11
1.70517		1.410393e-10		4.451322e-11
1.70784		1.379567e-10		4.382458e-11
1.71051		1.384558e-10		4.553061e-11
1.71318		1.434276e-10		4.669768e-11
1.71586		1.422750e-10		4.741173e-11
1.71853		1.362382e-10		4.538993e-11
1.72120		1.384417e-10		4.329927e-11
1.72387		1.334316e-10		4.611500e-11
1.72655		1.330749e-10		4.633425e-11
1.72922		1.348670e-10		4.406988e-11
1.73189		1.317666e-10		4.376145e-11
1.73456		1.380664e-10		4.380630e-11
1.73724		1.352638e-10		4.382401e-11
1.73991		1.434266e-10		4.247965e-11
1.74258		1.369109e-10		4.323049e-11
1.74526		1.322082e-10		4.024976e-11
1.74793		1.380033e-10		4.271550e-11
1.75060		1.273419e-10		4.118402e-11
1.75327		1.396642e-10		4.567835e-11
1.75595		1.323732e-10		4.319799e-11
1.75862		1.358778e-10		4.198292e-11
1.76129		1.287720e-10		3.791420e-11
1.76396		1.289572e-10		4.522280e-11
1.76664		1.294197e-10		4.067653e-11
1.76931		1.350985e-10		3.927174e-11
1.77198		1.247935e-10		3.679209e-11
1.77465		1.326648e-10		4.078951e-11
1.77733		1.322886e-10		4.320529e-11
1.78000		1.327705e-10		4.394140e-11
1.78267		1.273561e-10		4.268407e-11
1.78535		1.340806e-10		4.049375e-11
1.78802		1.277033e-10		3.966081e-11
1.79069		1.358254e-10		3.763144e-11
1.79336		1.323561e-10		4.012249e-11
1.79604		1.364419e-10		4.024160e-11
1.79871		1.285744e-10		4.055359e-11
1.80138		1.263159e-10		4.114616e-11
1.80405		1.226893e-10		3.951214e-11
1.80673		1.226098e-10		3.978734e-11
1.80940		1.223416e-10		4.126277e-11
1.81207		1.231608e-10		3.978122e-11
1.81474		1.171844e-10		3.831847e-11
1.81742		1.293119e-10		3.867494e-11
1.82009		1.216237e-10		3.959610e-11
1.82276		1.234012e-10		4.024197e-11
1.82544		1.276508e-10		3.791676e-11
1.82811		1.172761e-10		3.740931e-11
1.83078		1.272915e-10		3.807440e-11
1.83345		1.187379e-10		4.012100e-11
1.83613		1.130806e-10		4.099422e-11
1.83880		1.229589e-10		3.737206e-11
1.84147		1.274561e-10		4.054756e-11
1.84414		1.172479e-10		3.999639e-11
1.84682		1.153746e-10		3.845802e-11
1.84949		1.092655e-10		3.938310e-11
1.85216		1.238515e-10		3.992865e-11
1.85483		1.156466e-10		3.734099e-11
1.85751		1.204251e-10		3.796019e-11
1.86018		1.240380e-10		3.757762e-11
1.86285		1.200246e-10		3.583649e-11
1.86553		1.188841e-10		3.558745e-11
1.86820		1.145421e-10		3.632993e-11
1.87087		1.193075e-10		3.553339e-11
1.87354		1.158502e-10		3.587330e-11
1.87622		1.158207e-10		3.648067e-11
1.87889		1.166816e-10		3.294029e-11
1.88156		1.115058e-10		3.777487e-11
1.88423		1.178322e-10		3.297608e-11
1.88691		1.135227e-10		3.575709e-11
1.88958		1.073693e-10		3.351892e-11
1.89225		1.120839e-10		3.634151e-11
1.89492		1.101545e-10		3.651170e-11
1.89760		1.100552e-10		3.540508e-11
1.90027		1.130351e-10		3.343686e-11
1.90294		1.109838e-10		3.151498e-11
1.90562		1.105898e-10		3.629173e-11
1.90829		1.135475e-10		3.652167e-11
1.91096		1.057669e-10		3.807060e-11
1.91363		1.100053e-10		3.346066e-11
1.91631		1.075376e-10		3.373699e-11
1.91898		1.072762e-10		3.657569e-11
1.92165		1.116393e-10		3.420483e-11
1.92432		1.130254e-10		3.606132e-11
1.92700		1.067919e-10		3.465668e-11
1.92967		1.075523e-10		3.349012e-11
1.93234		1.131224e-10		3.291744e-11
1.93502		1.049814e-10		3.479424e-11
1.93769		1.001292e-10		2.988570e-11
1.94036		1.055366e-10		3.285662e-11
1.94303		1.012113e-10		2.908908e-11
1.94571		1.038540e-10		3.742268e-11
1.94838		9.982135e-11		3.581654e-11
1.95105		9.945462e-11		3.179215e-11
1.95372		1.063195e-10		3.223040e-11
1.95640		9.538002e-11		3.273204e-11
1.95907		1.063852e-10		3.097798e-11
1.96174		1.025228e-10		3.045218e-11
1.96441		1.005963e-10		3.078233e-11
1.96709		9.948032e-11		3.441858e-11
1.96976		1.021689e-10		2.739920e-11
1.97243		9.334769e-11		3.221815e-11
1.97511		8.938330e-11		2.979709e-11
1.97778		9.756418e-11		3.237158e-11
1.98045		1.009135e-10		3.145904e-11
1.98312		9.367415e-11		3.069158e-11
1.98580		9.790451e-11		3.031064e-11
1.98847		9.920686e-11		3.061445e-11
1.99114		9.554801e-11		3.158728e-11
1.99381		9.903945e-11		2.767417e-11
1.99649		9.299142e-11		3.041336e-11
1.99916		9.722629e-11		2.824703e-11
2.00183		9.384218e-11		3.090507e-11
2.00450		9.143425e-11		3.096098e-11
2.00718		9.664730e-11		2.868559e-11
2.00985		8.965143e-11		2.862601e-11
2.01252		9.038439e-11		3.161816e-11
2.01520		8.912647e-11		3.018347e-11
2.01787		8.834677e-11		2.825379e-11
2.02054		9.246929e-11		3.046062e-11
2.02321		8.850282e-11		3.028747e-11
2.02589		9.161786e-11		2.850695e-11
2.02856		8.547037e-11		2.905408e-11
2.03123		8.822374e-11		2.811085e-11
2.03390		8.594271e-11		2.956839e-11
2.03658		8.998042e-11		2.887147e-11
2.03925		8.465855e-11		2.905855e-11
2.04192		8.788724e-11		2.645899e-11
2.04459		8.212126e-11		2.778422e-11
2.04727		8.642948e-11		2.676798e-11
2.04994		8.218530e-11		2.913319e-11
2.05261		8.209202e-11		2.626918e-11
2.05529		8.260096e-11		2.610632e-11
2.05796		8.388357e-11		2.995584e-11
2.06063		8.560466e-11		2.765618e-11
2.06330		8.181533e-11		2.506332e-11
2.06598		8.251607e-11		2.736981e-11
2.06865		8.369651e-11		2.541859e-11
2.07132		8.092377e-11		2.673035e-11
2.07399		8.195719e-11		2.518171e-11
2.07667		8.157050e-11		2.390466e-11
2.07934		7.684395e-11		2.518140e-11
2.08201		8.202629e-11		2.466505e-11
2.08468		7.373028e-11		2.590825e-11
2.08736		7.497573e-11		2.574668e-11
2.09003		7.435406e-11		2.571106e-11
2.09270		7.745889e-11		2.404526e-11
2.09538		7.922578e-11		2.438654e-11
2.09805		8.127888e-11		2.502388e-11
2.10072		7.671174e-11		2.556459e-11
2.10339		7.552156e-11		2.433347e-11
2.10607		7.430783e-11		2.571708e-11
2.10874		7.433000e-11		2.556304e-11
2.11141		7.315969e-11		2.685831e-11
2.11408		7.361984e-11		2.671260e-11
2.11676		7.248833e-11		2.371425e-11
2.11943		6.895814e-11		2.414829e-11
2.12210		7.126601e-11		2.679112e-11
2.12477		6.889094e-11		2.380463e-11
2.12745		7.312762e-11		2.185151e-11
2.13012		6.706341e-11		2.245548e-11
2.13279		7.126379e-11		2.320006e-11
2.13547		7.184249e-11		2.171517e-11
2.13814		6.939208e-11		2.216198e-11
2.14081		7.065528e-11		2.412254e-11
2.14348		6.853631e-11		2.375448e-11
2.14616		6.423193e-11		2.218591e-11
2.14883		7.300102e-11		2.301831e-11
2.15150		6.772598e-11		2.321470e-11
2.15417		6.453023e-11		2.150643e-11
2.15685		6.110986e-11		2.182365e-11
2.15952		6.555338e-11		2.306291e-11
2.16219		6.594060e-11		2.155268e-11
2.16486		6.480223e-11		2.158125e-11
2.16754		6.271051e-11		2.078126e-11
2.17021		6.442290e-11		2.184523e-11
2.17288		6.330763e-11		1.930407e-11
2.17556		6.206386e-11		2.023258e-11
2.17823		6.136770e-11		2.230743e-11
2.18090		6.365106e-11		2.049336e-11
2.18357		6.295596e-11		2.040694e-11
2.18625		6.021012e-11		2.115428e-11
2.18892		6.227779e-11		1.877719e-11
2.19159		5.790016e-11		2.196729e-11
2.19426		5.882400e-11		1.933877e-11
2.19694		6.271378e-11		1.966513e-11
2.19961		5.953371e-11		1.892340e-11
2.20228		5.651170e-11		1.960883e-11
2.20495		5.795263e-11		1.874525e-11
2.20763		5.796858e-11		1.927900e-11
2.21030		5.621602e-11		2.003795e-11
2.21297		5.727143e-11		1.818409e-11
2.21565		5.623189e-11		1.796647e-11
2.21832		5.447223e-11		1.872335e-11
2.22099		5.484562e-11		1.831893e-11
2.22366		5.391196e-11		2.040991e-11
2.22634		4.995019e-11		1.950704e-11
2.22901		5.326635e-11		1.785833e-11
2.23168		5.279728e-11		1.838948e-11
2.23435		5.150278e-11		1.940382e-11
2.23703		4.798086e-11		1.718305e-11
2.23970		4.956764e-11		1.707072e-11
2.24237		4.630845e-11		1.742930e-11
2.24505		5.107080e-11		1.741709e-11
2.24772		5.058809e-11		1.701630e-11
2.25039		5.007592e-11		1.557999e-11
2.25306		4.757314e-11		1.622356e-11
2.25574		5.018748e-11		1.798889e-11
2.25841		5.003612e-11		1.616052e-11
2.26108		4.842891e-11		1.753157e-11
2.26375		4.671648e-11		1.546892e-11
2.26643		4.906009e-11		1.696200e-11
2.26910		4.860291e-11		1.766969e-11
2.27177		4.731987e-11		1.775926e-11
2.27444		4.483693e-11		1.576660e-11
2.27712		4.148263e-11		1.599430e-11
2.27979		4.574239e-11		1.463024e-11
2.28246		4.386254e-11		1.618151e-11
2.28514		4.129108e-11		1.290128e-11
2.28781		4.339706e-11		1.543730e-11
2.29048		4.177420e-11		1.473199e-11
2.29315		4.334288e-11		1.636692e-11
2.29583		4.016689e-11		1.647980e-11
2.29850		4.154175e-11		1.465339e-11
2.30117		4.019776e-11		1.417380e-11
2.30384		3.956524e-11		1.498141e-11
2.30652		3.887755e-11		1.350049e-11
2.30919		3.763306e-11		1.373495e-11
2.31186		3.905271e-11		1.318375e-11
2.31453		3.913521e-11		1.372948e-11
2.31721		3.894378e-11		1.341896e-11
2.31988		3.577023e-11		1.293084e-11
2.32255		3.715776e-11		1.584190e-11
2.32523		3.650826e-11		1.289987e-11
2.32790		3.869167e-11		1.255501e-11
2.33057		3.393849e-11		1.336928e-11
2.33324		3.428996e-11		1.346143e-11
2.33592		3.332043e-11		1.293274e-11
2.33859		3.262756e-11		1.338337e-11
2.34126		3.164104e-11		1.351054e-11
2.34393		3.469481e-11		1.111620e-11
2.34661		3.563325e-11		1.352931e-11
2.34928		3.321667e-11		1.231906e-11
2.35195		2.936919e-11		1.299517e-11
2.35462		3.021357e-11		1.277332e-11
2.35730		2.851850e-11		1.203880e-11
2.35997		2.770226e-11		1.220391e-11
2.36264		2.929062e-11		1.097679e-11
2.36532		3.029568e-11		1.215900e-11
2.36799		2.864798e-11		1.075877e-11
2.37066		2.774683e-11		1.225938e-11
2.37333		2.737518e-11		1.161140e-11
2.37601		2.686023e-11		1.067048e-11
2.37868		2.616101e-11		1.172880e-11
2.38135		2.658631e-11		1.115033e-11
2.38402		2.507136e-11		1.009359e-11
2.38670		2.398008e-11		9.846621e-12
2.38937		2.265762e-11		1.014183e-11
2.39204		2.500558e-11		1.150524e-11
2.39471		2.345366e-11		1.135018e-11
2.39739		2.210160e-11		1.004982e-11
2.40006		2.342986e-11		1.003875e-11
2.40273		2.220456e-11		1.013036e-11
2.40541		2.167820e-11		1.069426e-11
2.40808		2.071505e-11		9.912205e-12
2.41075		2.085592e-11		1.012176e-11
2.41342		2.044178e-11		9.666519e-12
2.41610		1.972893e-11		8.640618e-12
2.41877		1.876963e-11		9.948199e-12
2.42144		1.872829e-11		9.569483e-12
2.42411		1.778546e-11		9.238605e-12
2.42679		1.661662e-11		8.757474e-12
2.42946		1.708515e-11		8.661257e-12
2.43213		1.580000e-11		8.593797e-12
2.43480		1.595203e-11		8.843776e-12
2.43748		1.507654e-11		8.470972e-12
2.44015		1.577832e-11		8.422200e-12
2.44282		1.506194e-11		7.954921e-12
2.44550		1.406415e-11		8.491148e-12
2.44817		1.472874e-11		7.804648e-12
2.45084		1.330949e-11		7.953756e-12
2.45351		1.133918e-11		8.249352e-12
2.45619		1.222836e-11		7.856116e-12
2.45886		1.231829e-11		7.582557e-12
2.46153		1.143715e-11		7.984516e-12
2.46420		1.056848e-11		7.405528e-12
2.46688		9.680924e-12		7.625704e-12
2.46955		1.018596e-11		7.832833e-12
2.47222		9.299946e-12		7.667837e-12
2.47489		7.492331e-12		6.597273e-12
2.47757		9.113531e-12		7.757487e-12
2.48024		8.049489e-12		7.076251e-12
2.48291		6.166606e-12		7.494948e-12
2.48559		6.853224e-12		7.349865e-12
2.48826		7.021904e-12		7.711204e-12
2.49093		4.430521e-12		7.074769e-12
2.49360		6.017317e-12		7.071252e-12
2.49628		1.869437e-12		6.622482e-12
2.49895		5.507640e-12		6.662563e-12
2.50162		3.914122e-12		7.040288e-12
2.50429		2.969098e-12		7.199208e-12
2.50697		3.142505e-12		6.923178e-12
2.50964		2.621102e-12		7.806885e-12
2.51231		1.563523e-12		6.827580e-12
2.51498		1.186228e-12		7.538017e-12
2.51766		9.136782e-13		6.581570e-12
2.52033		9.377159e-13		6.470647e-12
2.52300		-6.053246e-13		7.711625e-12
2.52568		-9.158333e-13		6.983947e-12
2.52835		-1.823680e-12		6.796685e-12
2.53102		5.805663e-13		6.830708e-12
2.53369		1.213154e-12		7.271510e-12
2.53637		-1.504873e-12		7.658709e-12
2.53904		1.539388e-14		6.853605e-12
2.54171		3.810603e-14		7.015297e-12
2.54438		-4.141340e-13		6.385524e-12
2.54706		1.490391e-12		6.791417e-12
2.54973		1.434106e-13		6.864283e-12
2.55240		-8.494169e-13		6.754451e-12
2.55508		5.865805e-13		6.620700e-12
2.55775		-1.835879e-12		7.491639e-12
2.56042		-1.528981e-13		7.222730e-12
2.56309		-1.006081e-12		7.363315e-12
2.56577		-8.676089e-13		6.768270e-12
2.56844		-9.280771e-13		7.522305e-12
2.57111		-2.773109e-13		7.107976e-12
2.57378		-3.192872e-13		7.154536e-12
2.57646		-3.392660e-13		6.817793e-12
2.57913		-8.535888e-13		7.522964e-12
2.58180		1.049803e-12		6.726067e-12
2.58447		-4.972564e-13		7.197382e-12
2.58715		4.783499e-14		6.552604e-12
2.58982		-6.499092e-13		7.177952e-12
2.59249		-3.508729e-13		7.611685e-12
2.59517		6.881952e-15		7.544850e-12
2.59784		3.517757e-13		7.078484e-12
2.60051		6.756135e-13		7.082101e-12
2.60318		1.058738e-13		6.922220e-12
2.60586		-1.354871e-12		6.536639e-12
2.60853		-5.099091e-13		7.366067e-12
2.61120		5.621440e-13		6.918586e-12
2.61387		1.671599e-13		7.229253e-12
2.61655		-5.862198e-13		6.820685e-12
2.61922		-7.682027e-14		7.107239e-12
2.62189		-1.081411e-13		7.165450e-12
2.62456		1.073287e-12		6.979734e-12
2.62724		-1.965856e-13		7.354942e-12
2.62991		6.421608e-13		7.357417e-12
2.63258		4.119139e-13		7.559317e-12
2.63526		1.383272e-12		7.127904e-12
2.63793		-1.208941e-13		6.823605e-12
2.64060		-1.469002e-13		7.551116e-12
2.64327		-4.359416e-13		6.889868e-12
2.64595		-2.557352e-13		7.392686e-12
2.64862		6.296992e-13		7.131710e-12
2.65129		-8.047332e-14		6.769877e-12
2.65396		-1.136998e-12		6.552592e-12
2.65664		-7.305493e-13		6.983397e-12
2.65931		-7.419100e-13		6.890237e-12
2.66198		-2.366138e-13		7.243491e-12
2.66465		-5.055607e-16		7.583910e-12
2.66733		4.841080e-14		7.124434e-12
2.67000		2.755048e-13		7.276529e-12

Total data points: 1000
