PHOTOELECTRIC EFFECT LAB - RAW DATA
Date: 2026-04-06 17:41:47
Portland State University Physics Dept.
Photocathode: Material #1
Work Function: 4.3700 eV
Wavelength: 2100 Angstroms
Frequency: 1.427583e+15 Hz
============================================================

Raw Current Data:
----------------------------------------
V_r (V)		I_total (A)		sigma_I (A)
0.00000		1.490585e-09		4.243685e-10
0.00157		1.411581e-09		4.702848e-10
0.00314		1.481708e-09		4.566993e-10
0.00471		1.406267e-09		5.057581e-10
0.00629		1.422462e-09		4.636523e-10
0.00786		1.404915e-09		4.744262e-10
0.00943		1.451172e-09		4.512682e-10
0.01100		1.502964e-09		4.782685e-10
0.01257		1.459083e-09		3.859531e-10
0.01414		1.382660e-09		4.787639e-10
0.01572		1.483687e-09		4.663125e-10
0.01729		1.460768e-09		4.712990e-10
0.01886		1.488175e-09		4.711318e-10
0.02043		1.412781e-09		4.166111e-10
0.02200		1.381866e-09		4.499130e-10
0.02357		1.490930e-09		4.624336e-10
0.02515		1.416709e-09		4.762245e-10
0.02672		1.556875e-09		4.756312e-10
0.02829		1.458432e-09		4.336357e-10
0.02986		1.422315e-09		4.422680e-10
0.03143		1.377003e-09		4.521165e-10
0.03300		1.480629e-09		4.432345e-10
0.03457		1.428292e-09		4.613504e-10
0.03615		1.412850e-09		4.461808e-10
0.03772		1.409031e-09		4.215696e-10
0.03929		1.430527e-09		4.682499e-10
0.04086		1.393873e-09		4.581732e-10
0.04243		1.470803e-09		3.897628e-10
0.04400		1.454022e-09		4.341817e-10
0.04558		1.434982e-09		4.705030e-10
0.04715		1.357327e-09		4.518266e-10
0.04872		1.391333e-09		4.161465e-10
0.05029		1.326626e-09		4.214240e-10
0.05186		1.439871e-09		3.883634e-10
0.05343		1.383589e-09		4.421175e-10
0.05501		1.521441e-09		4.645467e-10
0.05658		1.417967e-09		4.374238e-10
0.05815		1.425492e-09		4.673214e-10
0.05972		1.411337e-09		4.439564e-10
0.06129		1.440827e-09		4.515046e-10
0.06286		1.419990e-09		4.371218e-10
0.06443		1.399144e-09		4.818265e-10
0.06601		1.460152e-09		5.225301e-10
0.06758		1.438715e-09		4.620062e-10
0.06915		1.423895e-09		4.419001e-10
0.07072		1.330213e-09		4.581451e-10
0.07229		1.372835e-09		4.274489e-10
0.07386		1.540947e-09		4.334081e-10
0.07544		1.424171e-09		4.798474e-10
0.07701		1.471434e-09		4.438654e-10
0.07858		1.465875e-09		4.432652e-10
0.08015		1.405442e-09		4.363581e-10
0.08172		1.502286e-09		4.377027e-10
0.08329		1.529549e-09		4.291670e-10
0.08486		1.476782e-09		4.512706e-10
0.08644		1.416991e-09		4.176984e-10
0.08801		1.375791e-09		4.532076e-10
0.08958		1.431620e-09		4.665271e-10
0.09115		1.373870e-09		4.499715e-10
0.09272		1.479057e-09		4.418084e-10
0.09429		1.393642e-09		4.575056e-10
0.09587		1.467147e-09		4.492953e-10
0.09744		1.344003e-09		4.447382e-10
0.09901		1.395584e-09		4.644368e-10
0.10058		1.403678e-09		5.068891e-10
0.10215		1.405941e-09		4.772926e-10
0.10372		1.372815e-09		4.562685e-10
0.10530		1.360677e-09		4.287423e-10
0.10687		1.401385e-09		4.328793e-10
0.10844		1.398664e-09		4.715031e-10
0.11001		1.376831e-09		4.714198e-10
0.11158		1.410449e-09		4.460377e-10
0.11315		1.423180e-09		4.228587e-10
0.11472		1.493630e-09		4.696428e-10
0.11630		1.474728e-09		4.593003e-10
0.11787		1.408408e-09		4.747003e-10
0.11944		1.378284e-09		4.347784e-10
0.12101		1.514906e-09		4.529030e-10
0.12258		1.410069e-09		4.329179e-10
0.12415		1.444655e-09		4.516442e-10
0.12573		1.413732e-09		4.700551e-10
0.12730		1.442790e-09		4.821701e-10
0.12887		1.375088e-09		4.411985e-10
0.13044		1.371894e-09		4.281250e-10
0.13201		1.314390e-09		4.354817e-10
0.13358		1.391994e-09		4.602152e-10
0.13516		1.398215e-09		4.453145e-10
0.13673		1.464019e-09		4.324554e-10
0.13830		1.449499e-09		4.348328e-10
0.13987		1.393247e-09		4.415346e-10
0.14144		1.391442e-09		4.456274e-10
0.14301		1.444457e-09		4.156081e-10
0.14458		1.525555e-09		4.499631e-10
0.14616		1.473221e-09		4.909623e-10
0.14773		1.446732e-09		4.463890e-10
0.14930		1.361109e-09		4.489930e-10
0.15087		1.387474e-09		4.305952e-10
0.15244		1.345125e-09		4.448474e-10
0.15401		1.382503e-09		4.745619e-10
0.15559		1.345095e-09		4.506931e-10
0.15716		1.427067e-09		4.495571e-10
0.15873		1.386388e-09		4.629751e-10
0.16030		1.403672e-09		4.426864e-10
0.16187		1.442584e-09		4.391168e-10
0.16344		1.356296e-09		4.212158e-10
0.16502		1.340247e-09		4.745124e-10
0.16659		1.356370e-09		4.495726e-10
0.16816		1.477817e-09		4.400005e-10
0.16973		1.479029e-09		4.533466e-10
0.17130		1.467886e-09		4.488940e-10
0.17287		1.403749e-09		4.623949e-10
0.17444		1.444476e-09		4.529044e-10
0.17602		1.377409e-09		4.485720e-10
0.17759		1.433001e-09		4.329209e-10
0.17916		1.438402e-09		4.393267e-10
0.18073		1.344157e-09		4.467799e-10
0.18230		1.385366e-09		4.367148e-10
0.18387		1.482067e-09		4.326263e-10
0.18545		1.392405e-09		4.266912e-10
0.18702		1.417264e-09		4.201007e-10
0.18859		1.464173e-09		4.438328e-10
0.19016		1.385635e-09		3.799806e-10
0.19173		1.372014e-09		4.809527e-10
0.19330		1.362137e-09		4.282985e-10
0.19487		1.381549e-09		4.336517e-10
0.19645		1.461577e-09		4.179660e-10
0.19802		1.450645e-09		4.791213e-10
0.19959		1.399805e-09		4.448338e-10
0.20116		1.401453e-09		4.409518e-10
0.20273		1.415155e-09		4.304425e-10
0.20430		1.413032e-09		4.825731e-10
0.20588		1.442403e-09		4.457049e-10
0.20745		1.369187e-09		3.986015e-10
0.20902		1.355335e-09		4.528273e-10
0.21059		1.420639e-09		4.373702e-10
0.21216		1.327906e-09		4.246629e-10
0.21373		1.375510e-09		4.489001e-10
0.21531		1.418434e-09		4.444923e-10
0.21688		1.387496e-09		4.575391e-10
0.21845		1.388123e-09		4.811137e-10
0.22002		1.459887e-09		4.175839e-10
0.22159		1.445525e-09		4.504992e-10
0.22316		1.447302e-09		4.640245e-10
0.22473		1.364532e-09		4.212038e-10
0.22631		1.359630e-09		4.437029e-10
0.22788		1.291783e-09		4.204157e-10
0.22945		1.412390e-09		4.348485e-10
0.23102		1.443363e-09		4.812577e-10
0.23259		1.455769e-09		4.095532e-10
0.23416		1.421167e-09		4.361583e-10
0.23574		1.324201e-09		4.635536e-10
0.23731		1.413826e-09		4.292280e-10
0.23888		1.305877e-09		4.151215e-10
0.24045		1.368300e-09		4.403805e-10
0.24202		1.433860e-09		4.317545e-10
0.24359		1.384755e-09		4.343603e-10
0.24517		1.327686e-09		4.257723e-10
0.24674		1.420498e-09		4.436626e-10
0.24831		1.288075e-09		4.516117e-10
0.24988		1.363650e-09		4.323630e-10
0.25145		1.374302e-09		4.182379e-10
0.25302		1.407308e-09		4.274420e-10
0.25459		1.335268e-09		4.739847e-10
0.25617		1.357364e-09		4.146576e-10
0.25774		1.464292e-09		4.099319e-10
0.25931		1.277172e-09		4.260669e-10
0.26088		1.344853e-09		4.324075e-10
0.26245		1.317650e-09		4.422415e-10
0.26402		1.338023e-09		4.305354e-10
0.26560		1.337859e-09		4.151717e-10
0.26717		1.441764e-09		4.379753e-10
0.26874		1.426678e-09		4.313352e-10
0.27031		1.392853e-09		4.194893e-10
0.27188		1.412862e-09		4.045849e-10
0.27345		1.410841e-09		4.631109e-10
0.27503		1.385492e-09		4.678227e-10
0.27660		1.426315e-09		4.167006e-10
0.27817		1.357251e-09		3.944871e-10
0.27974		1.375159e-09		4.486193e-10
0.28131		1.251454e-09		4.068298e-10
0.28288		1.385296e-09		4.510997e-10
0.28445		1.340839e-09		4.219425e-10
0.28603		1.352568e-09		4.636110e-10
0.28760		1.438456e-09		4.440759e-10
0.28917		1.429477e-09		4.423091e-10
0.29074		1.412242e-09		4.682474e-10
0.29231		1.372038e-09		3.938632e-10
0.29388		1.386558e-09		4.388627e-10
0.29546		1.407630e-09		4.373705e-10
0.29703		1.322943e-09		4.151334e-10
0.29860		1.356103e-09		4.350561e-10
0.30017		1.388920e-09		4.432048e-10
0.30174		1.465985e-09		4.199289e-10
0.30331		1.356711e-09		4.660938e-10
0.30488		1.311671e-09		3.893947e-10
0.30646		1.394273e-09		4.636854e-10
0.30803		1.407590e-09		4.114788e-10
0.30960		1.367390e-09		4.047487e-10
0.31117		1.367690e-09		4.318463e-10
0.31274		1.312074e-09		4.218128e-10
0.31431		1.298767e-09		4.573775e-10
0.31589		1.350626e-09		4.313120e-10
0.31746		1.324120e-09		3.984726e-10
0.31903		1.392755e-09		4.280481e-10
0.32060		1.375151e-09		4.224668e-10
0.32217		1.318595e-09		4.551034e-10
0.32374		1.374994e-09		4.558269e-10
0.32532		1.431570e-09		4.421906e-10
0.32689		1.250789e-09		4.013469e-10
0.32846		1.398602e-09		4.300002e-10
0.33003		1.395159e-09		4.435392e-10
0.33160		1.336017e-09		4.175426e-10
0.33317		1.357077e-09		4.427281e-10
0.33474		1.416749e-09		4.017467e-10
0.33632		1.336549e-09		4.546652e-10
0.33789		1.354433e-09		4.349174e-10
0.33946		1.276381e-09		3.913336e-10
0.34103		1.379702e-09		4.212832e-10
0.34260		1.235582e-09		3.937014e-10
0.34417		1.257901e-09		4.328194e-10
0.34575		1.387293e-09		4.360060e-10
0.34732		1.323694e-09		4.106698e-10
0.34889		1.352550e-09		4.333179e-10
0.35046		1.354797e-09		4.496353e-10
0.35203		1.256001e-09		4.473807e-10
0.35360		1.310050e-09		4.312663e-10
0.35518		1.363745e-09		4.303069e-10
0.35675		1.294527e-09		3.908566e-10
0.35832		1.359800e-09		4.581121e-10
0.35989		1.412662e-09		4.158364e-10
0.36146		1.321801e-09		4.181960e-10
0.36303		1.340057e-09		4.452945e-10
0.36460		1.337590e-09		4.004913e-10
0.36618		1.404844e-09		4.131295e-10
0.36775		1.346215e-09		4.682013e-10
0.36932		1.331636e-09		4.100530e-10
0.37089		1.270540e-09		4.024435e-10
0.37246		1.273373e-09		3.953842e-10
0.37403		1.352933e-09		4.151868e-10
0.37561		1.309806e-09		4.146041e-10
0.37718		1.301426e-09		4.287223e-10
0.37875		1.245981e-09		3.936393e-10
0.38032		1.328490e-09		4.057770e-10
0.38189		1.307337e-09		4.396910e-10
0.38346		1.322708e-09		4.305789e-10
0.38504		1.347257e-09		4.368644e-10
0.38661		1.333317e-09		4.036077e-10
0.38818		1.380285e-09		4.497905e-10
0.38975		1.308098e-09		4.673011e-10
0.39132		1.356465e-09		4.009381e-10
0.39289		1.305771e-09		4.503420e-10
0.39446		1.353665e-09		4.326724e-10
0.39604		1.386082e-09		4.481496e-10
0.39761		1.371195e-09		4.444621e-10
0.39918		1.347423e-09		4.312921e-10
0.40075		1.273365e-09		4.052971e-10
0.40232		1.372168e-09		4.333242e-10
0.40389		1.252787e-09		4.160466e-10
0.40547		1.332568e-09		4.001887e-10
0.40704		1.289264e-09		4.268452e-10
0.40861		1.345723e-09		4.296215e-10
0.41018		1.261508e-09		3.931758e-10
0.41175		1.272436e-09		4.170413e-10
0.41332		1.279841e-09		4.334700e-10
0.41489		1.295729e-09		4.366171e-10
0.41647		1.289135e-09		4.462011e-10
0.41804		1.307281e-09		4.128289e-10
0.41961		1.301587e-09		4.458576e-10
0.42118		1.283157e-09		3.880544e-10
0.42275		1.337546e-09		3.771736e-10
0.42432		1.363814e-09		4.174953e-10
0.42590		1.255148e-09		3.804659e-10
0.42747		1.348032e-09		4.118796e-10
0.42904		1.361468e-09		4.078039e-10
0.43061		1.265637e-09		4.084444e-10
0.43218		1.232405e-09		3.972965e-10
0.43375		1.261672e-09		3.837366e-10
0.43533		1.281836e-09		4.155530e-10
0.43690		1.386402e-09		3.815613e-10
0.43847		1.279342e-09		4.317428e-10
0.44004		1.318497e-09		3.746015e-10
0.44161		1.335704e-09		3.972555e-10
0.44318		1.239117e-09		4.176048e-10
0.44475		1.267833e-09		4.043793e-10
0.44633		1.375548e-09		4.019275e-10
0.44790		1.286803e-09		3.871041e-10
0.44947		1.294399e-09		4.469525e-10
0.45104		1.256235e-09		3.830547e-10
0.45261		1.275669e-09		3.777345e-10
0.45418		1.286805e-09		3.623943e-10
0.45576		1.228726e-09		4.170516e-10
0.45733		1.315646e-09		3.967938e-10
0.45890		1.254039e-09		4.356811e-10
0.46047		1.356325e-09		4.403266e-10
0.46204		1.314553e-09		3.818836e-10
0.46361		1.264257e-09		3.827351e-10
0.46519		1.281055e-09		3.917287e-10
0.46676		1.347904e-09		3.807078e-10
0.46833		1.323744e-09		4.498035e-10
0.46990		1.266723e-09		3.992855e-10
0.47147		1.207160e-09		4.022362e-10
0.47304		1.265469e-09		3.871121e-10
0.47461		1.269314e-09		4.093284e-10
0.47619		1.349515e-09		4.201635e-10
0.47776		1.313106e-09		3.767001e-10
0.47933		1.239893e-09		3.811571e-10
0.48090		1.333198e-09		3.945481e-10
0.48247		1.250530e-09		3.638627e-10
0.48404		1.306351e-09		4.119002e-10
0.48562		1.258802e-09		4.164120e-10
0.48719		1.247790e-09		4.074750e-10
0.48876		1.188470e-09		3.841951e-10
0.49033		1.222300e-09		3.958317e-10
0.49190		1.159323e-09		3.696297e-10
0.49347		1.361443e-09		3.802409e-10
0.49505		1.273117e-09		4.124865e-10
0.49662		1.247003e-09		4.403228e-10
0.49819		1.322712e-09		3.435597e-10
0.49976		1.239131e-09		4.311448e-10
0.50133		1.248737e-09		3.549765e-10
0.50290		1.217019e-09		3.805599e-10
0.50447		1.255157e-09		4.090023e-10
0.50605		1.257492e-09		3.756224e-10
0.50762		1.255330e-09		3.767278e-10
0.50919		1.314260e-09		3.915181e-10
0.51076		1.306106e-09		3.489020e-10
0.51233		1.255623e-09		3.791960e-10
0.51390		1.247210e-09		3.863437e-10
0.51548		1.217062e-09		3.734868e-10
0.51705		1.284702e-09		3.965341e-10
0.51862		1.234262e-09		3.874415e-10
0.52019		1.214061e-09		4.040837e-10
0.52176		1.262240e-09		3.902579e-10
0.52333		1.139956e-09		3.692731e-10
0.52490		1.277595e-09		3.940468e-10
0.52648		1.252072e-09		3.891891e-10
0.52805		1.296664e-09		4.219558e-10
0.52962		1.223774e-09		3.739701e-10
0.53119		1.221559e-09		4.148830e-10
0.53276		1.148470e-09		3.608837e-10
0.53433		1.221791e-09		3.822809e-10
0.53591		1.172373e-09		4.038279e-10
0.53748		1.238486e-09		4.000641e-10
0.53905		1.223330e-09		3.865735e-10
0.54062		1.184405e-09		3.893024e-10
0.54219		1.261051e-09		3.751056e-10
0.54376		1.169026e-09		4.214279e-10
0.54534		1.259960e-09		3.820276e-10
0.54691		1.201972e-09		3.970975e-10
0.54848		1.302207e-09		3.642510e-10
0.55005		1.223380e-09		3.795665e-10
0.55162		1.270490e-09		3.493446e-10
0.55319		1.156957e-09		3.803720e-10
0.55476		1.253246e-09		3.613058e-10
0.55634		1.191571e-09		3.956901e-10
0.55791		1.195381e-09		4.218583e-10
0.55948		1.191146e-09		4.000673e-10
0.56105		1.196969e-09		3.847741e-10
0.56262		1.220968e-09		4.070064e-10
0.56419		1.199221e-09		3.581144e-10
0.56577		1.193327e-09		3.956389e-10
0.56734		1.197382e-09		4.145242e-10
0.56891		1.301850e-09		3.629770e-10
0.57048		1.198213e-09		3.538548e-10
0.57205		1.184376e-09		3.744861e-10
0.57362		1.203332e-09		3.956121e-10
0.57520		1.315552e-09		3.728358e-10
0.57677		1.223171e-09		3.572324e-10
0.57834		1.153770e-09		3.606204e-10
0.57991		1.171926e-09		3.656058e-10
0.58148		1.211365e-09		3.669906e-10
0.58305		1.210868e-09		3.811474e-10
0.58462		1.153175e-09		3.667228e-10
0.58620		1.181466e-09		3.973256e-10
0.58777		1.210714e-09		3.796870e-10
0.58934		1.158326e-09		3.777105e-10
0.59091		1.153357e-09		3.567920e-10
0.59248		1.141986e-09		4.053514e-10
0.59405		1.168790e-09		3.794040e-10
0.59563		1.181381e-09		3.896027e-10
0.59720		1.152769e-09		3.872926e-10
0.59877		1.245417e-09		3.736203e-10
0.60034		1.216197e-09		3.968107e-10
0.60191		1.148584e-09		3.635339e-10
0.60348		1.161350e-09		3.679718e-10
0.60506		1.113080e-09		3.369572e-10
0.60663		1.089893e-09		3.510707e-10
0.60820		1.201815e-09		3.614280e-10
0.60977		1.191801e-09		3.665924e-10
0.61134		1.151557e-09		3.603313e-10
0.61291		1.195518e-09		3.903866e-10
0.61448		1.180666e-09		3.757838e-10
0.61606		1.173284e-09		3.559553e-10
0.61763		1.057709e-09		3.606086e-10
0.61920		1.175940e-09		3.740515e-10
0.62077		1.083383e-09		3.645856e-10
0.62234		1.143355e-09		3.397816e-10
0.62391		1.179960e-09		3.774252e-10
0.62549		1.174424e-09		3.556990e-10
0.62706		1.145314e-09		3.217381e-10
0.62863		1.137782e-09		3.468169e-10
0.63020		1.125562e-09		3.374308e-10
0.63177		1.179569e-09		3.837467e-10
0.63334		1.142451e-09		3.668079e-10
0.63491		1.184836e-09		3.587577e-10
0.63649		1.136057e-09		3.548137e-10
0.63806		1.162745e-09		4.038112e-10
0.63963		1.171560e-09		3.407610e-10
0.64120		1.140704e-09		3.716206e-10
0.64277		1.128987e-09		3.420439e-10
0.64434		1.092008e-09		3.530692e-10
0.64592		1.144560e-09		3.289578e-10
0.64749		1.113351e-09		3.565375e-10
0.64906		1.131194e-09		3.475891e-10
0.65063		1.141042e-09		3.655634e-10
0.65220		1.091111e-09		3.421174e-10
0.65377		1.142032e-09		3.555850e-10
0.65535		1.156446e-09		3.231756e-10
0.65692		1.133316e-09		3.524043e-10
0.65849		1.124931e-09		3.333273e-10
0.66006		1.156651e-09		3.412714e-10
0.66163		1.097820e-09		3.848464e-10
0.66320		1.111695e-09		3.554899e-10
0.66477		1.112352e-09		3.465703e-10
0.66635		1.097154e-09		3.381963e-10
0.66792		1.105062e-09		3.884045e-10
0.66949		1.096326e-09		3.645136e-10
0.67106		1.185860e-09		3.376396e-10
0.67263		1.114029e-09		3.598886e-10
0.67420		1.124694e-09		3.362270e-10
0.67578		1.115353e-09		3.418536e-10
0.67735		1.061389e-09		3.456175e-10
0.67892		1.087451e-09		3.492808e-10
0.68049		1.097880e-09		3.569254e-10
0.68206		1.099447e-09		3.565161e-10
0.68363		1.143763e-09		3.474280e-10
0.68521		1.094628e-09		3.680808e-10
0.68678		1.115536e-09		3.209051e-10
0.68835		1.131939e-09		3.427571e-10
0.68992		1.022798e-09		3.380315e-10
0.69149		1.081182e-09		3.544996e-10
0.69306		1.066864e-09		3.675985e-10
0.69463		1.056246e-09		3.345971e-10
0.69621		1.145015e-09		3.318454e-10
0.69778		1.069788e-09		3.437250e-10
0.69935		1.107461e-09		3.554737e-10
0.70092		1.087650e-09		3.355061e-10
0.70249		1.093688e-09		3.449287e-10
0.70406		1.053592e-09		3.529437e-10
0.70564		1.103653e-09		3.331758e-10
0.70721		1.059618e-09		3.468292e-10
0.70878		1.103394e-09		3.285229e-10
0.71035		1.050238e-09		3.434995e-10
0.71192		1.099994e-09		3.552310e-10
0.71349		1.020367e-09		3.283053e-10
0.71507		1.102642e-09		3.300161e-10
0.71664		1.069514e-09		3.216393e-10
0.71821		1.052122e-09		3.149907e-10
0.71978		1.031860e-09		3.125104e-10
0.72135		1.019386e-09		3.148411e-10
0.72292		1.064307e-09		3.559803e-10
0.72449		1.094185e-09		3.434506e-10
0.72607		1.029362e-09		3.375347e-10
0.72764		1.022291e-09		3.329242e-10
0.72921		9.950122e-10		3.368187e-10
0.73078		1.096439e-09		3.310285e-10
0.73235		1.052683e-09		3.294064e-10
0.73392		1.077550e-09		3.439832e-10
0.73550		1.012962e-09		3.595764e-10
0.73707		1.053947e-09		3.371319e-10
0.73864		1.065909e-09		3.355178e-10
0.74021		1.036400e-09		3.346877e-10
0.74178		1.040101e-09		3.057644e-10
0.74335		1.083651e-09		3.373019e-10
0.74492		9.745530e-10		3.038894e-10
0.74650		1.010187e-09		3.357799e-10
0.74807		1.028215e-09		3.204838e-10
0.74964		1.011599e-09		3.258915e-10
0.75121		1.056976e-09		3.356899e-10
0.75278		9.959827e-10		3.476745e-10
0.75435		1.034390e-09		3.170864e-10
0.75593		1.001580e-09		3.471315e-10
0.75750		1.007376e-09		3.279911e-10
0.75907		1.046786e-09		3.295134e-10
0.76064		1.012178e-09		3.299441e-10
0.76221		1.016246e-09		3.167941e-10
0.76378		9.978643e-10		3.506940e-10
0.76536		1.037617e-09		2.953335e-10
0.76693		9.994947e-10		3.002781e-10
0.76850		1.020584e-09		3.264178e-10
0.77007		9.814258e-10		3.378544e-10
0.77164		1.009776e-09		2.986256e-10
0.77321		9.950275e-10		3.048674e-10
0.77478		1.047463e-09		3.319093e-10
0.77636		1.026404e-09		3.235124e-10
0.77793		9.720531e-10		3.024377e-10
0.77950		9.326619e-10		3.127051e-10
0.78107		9.993590e-10		3.231155e-10
0.78264		9.832944e-10		3.164831e-10
0.78421		1.008599e-09		3.407958e-10
0.78579		9.812476e-10		3.222337e-10
0.78736		1.059274e-09		3.002629e-10
0.78893		1.015491e-09		3.273705e-10
0.79050		9.964207e-10		3.291739e-10
0.79207		9.551716e-10		3.020674e-10
0.79364		9.580849e-10		3.196770e-10
0.79522		9.975587e-10		3.072927e-10
0.79679		1.006727e-09		3.027128e-10
0.79836		1.011293e-09		3.085510e-10
0.79993		9.797339e-10		3.030906e-10
0.80150		9.509537e-10		3.022596e-10
0.80307		9.515404e-10		3.119395e-10
0.80464		1.002528e-09		2.963876e-10
0.80622		9.673890e-10		3.389213e-10
0.80779		9.518757e-10		2.979828e-10
0.80936		9.783229e-10		3.084857e-10
0.81093		9.848645e-10		3.271500e-10
0.81250		9.939278e-10		3.231298e-10
0.81407		9.679578e-10		3.044816e-10
0.81565		9.634799e-10		3.232393e-10
0.81722		9.298973e-10		2.704221e-10
0.81879		9.719611e-10		3.067377e-10
0.82036		9.567703e-10		2.890782e-10
0.82193		9.547248e-10		3.272973e-10
0.82350		9.458667e-10		3.179921e-10
0.82508		9.244723e-10		3.104101e-10
0.82665		9.607574e-10		3.201372e-10
0.82822		9.194487e-10		3.019283e-10
0.82979		9.440287e-10		2.942114e-10
0.83136		9.538455e-10		3.020555e-10
0.83293		9.651160e-10		2.512169e-10
0.83450		9.292936e-10		2.843451e-10
0.83608		9.389686e-10		3.038857e-10
0.83765		9.715359e-10		2.877645e-10
0.83922		9.612580e-10		3.261684e-10
0.84079		9.331148e-10		2.667097e-10
0.84236		9.058704e-10		3.014495e-10
0.84393		9.595783e-10		3.054121e-10
0.84551		9.281746e-10		2.807093e-10
0.84708		9.022399e-10		3.181223e-10
0.84865		9.038699e-10		3.151065e-10
0.85022		9.560816e-10		3.009048e-10
0.85179		9.963775e-10		2.773819e-10
0.85336		9.143558e-10		3.060232e-10
0.85493		8.946098e-10		3.232547e-10
0.85651		8.872502e-10		3.020495e-10
0.85808		9.202269e-10		3.086075e-10
0.85965		9.086868e-10		3.052373e-10
0.86122		9.119776e-10		2.987586e-10
0.86279		9.348286e-10		2.701021e-10
0.86436		8.994840e-10		2.699225e-10
0.86594		8.953751e-10		2.679283e-10
0.86751		9.320448e-10		2.916585e-10
0.86908		9.272525e-10		2.654472e-10
0.87065		9.050126e-10		3.096579e-10
0.87222		8.546023e-10		2.893840e-10
0.87379		8.796444e-10		2.639490e-10
0.87537		8.623096e-10		2.936811e-10
0.87694		8.514828e-10		2.682347e-10
0.87851		8.673863e-10		2.360988e-10
0.88008		8.701294e-10		3.046310e-10
0.88165		8.574037e-10		2.836172e-10
0.88322		9.105002e-10		2.998151e-10
0.88479		9.117538e-10		2.953522e-10
0.88637		8.727251e-10		2.651294e-10
0.88794		8.996655e-10		2.853507e-10
0.88951		8.856467e-10		3.047141e-10
0.89108		8.461459e-10		2.884464e-10
0.89265		8.326581e-10		2.733260e-10
0.89422		9.166427e-10		3.001523e-10
0.89580		8.729014e-10		2.683667e-10
0.89737		9.132107e-10		2.750509e-10
0.89894		8.173584e-10		2.638839e-10
0.90051		8.673654e-10		2.844035e-10
0.90208		8.783568e-10		2.842639e-10
0.90365		8.518360e-10		2.942232e-10
0.90523		8.659569e-10		2.703821e-10
0.90680		8.622285e-10		2.799105e-10
0.90837		8.460224e-10		2.862076e-10
0.90994		8.923880e-10		2.705919e-10
0.91151		8.247237e-10		2.480818e-10
0.91308		8.618248e-10		2.829144e-10
0.91465		8.543084e-10		2.649690e-10
0.91623		8.872417e-10		2.838806e-10
0.91780		8.274346e-10		2.581061e-10
0.91937		8.329535e-10		2.598920e-10
0.92094		8.643590e-10		2.578115e-10
0.92251		8.108071e-10		2.656926e-10
0.92408		8.507189e-10		2.621798e-10
0.92566		8.619982e-10		2.366880e-10
0.92723		8.140144e-10		2.676525e-10
0.92880		8.582443e-10		2.533971e-10
0.93037		8.027559e-10		2.503865e-10
0.93194		8.764744e-10		2.609090e-10
0.93351		7.871830e-10		2.502147e-10
0.93509		8.160223e-10		2.517441e-10
0.93666		8.369448e-10		2.590423e-10
0.93823		8.328727e-10		2.557283e-10
0.93980		8.388206e-10		2.712093e-10
0.94137		8.283678e-10		2.768832e-10
0.94294		8.309475e-10		2.666905e-10
0.94451		8.268761e-10		2.368424e-10
0.94609		7.632712e-10		2.740518e-10
0.94766		8.038116e-10		2.522543e-10
0.94923		7.702497e-10		2.494166e-10
0.95080		8.377618e-10		2.651274e-10
0.95237		8.474865e-10		2.647363e-10
0.95394		7.993182e-10		2.401998e-10
0.95552		7.833661e-10		2.512679e-10
0.95709		7.883293e-10		2.713637e-10
0.95866		7.907906e-10		2.592974e-10
0.96023		7.867872e-10		2.486792e-10
0.96180		7.832015e-10		2.360298e-10
0.96337		8.204019e-10		2.509264e-10
0.96494		8.294137e-10		2.698725e-10
0.96652		7.865741e-10		2.439952e-10
0.96809		7.348624e-10		2.450324e-10
0.96966		8.222414e-10		2.083420e-10
0.97123		7.617031e-10		2.261793e-10
0.97280		7.827395e-10		2.422898e-10
0.97437		8.006576e-10		2.546690e-10
0.97595		7.646637e-10		2.297262e-10
0.97752		7.803691e-10		2.470308e-10
0.97909		7.386936e-10		2.462425e-10
0.98066		7.428995e-10		2.379269e-10
0.98223		7.700372e-10		2.619922e-10
0.98380		7.512789e-10		2.444066e-10
0.98538		7.412775e-10		2.341572e-10
0.98695		7.596358e-10		2.387478e-10
0.98852		7.758222e-10		2.463901e-10
0.99009		7.395021e-10		2.355633e-10
0.99166		7.420962e-10		2.423255e-10
0.99323		8.140888e-10		2.407012e-10
0.99480		7.580422e-10		2.307283e-10
0.99638		7.675072e-10		2.373679e-10
0.99795		7.762068e-10		2.492950e-10
0.99952		7.403338e-10		2.611625e-10
1.00109		7.332928e-10		2.311619e-10
1.00266		7.307468e-10		2.265227e-10
1.00423		7.638302e-10		2.798514e-10
1.00581		7.294303e-10		2.095930e-10
1.00738		7.341010e-10		2.322896e-10
1.00895		7.192760e-10		2.349520e-10
1.01052		7.408966e-10		2.218259e-10
1.01209		7.049265e-10		2.438751e-10
1.01366		7.371324e-10		2.279814e-10
1.01524		7.141231e-10		2.285853e-10
1.01681		6.774269e-10		2.232226e-10
1.01838		7.007412e-10		2.448868e-10
1.01995		7.420662e-10		2.156869e-10
1.02152		7.118270e-10		2.176268e-10
1.02309		6.935506e-10		2.397454e-10
1.02466		6.912546e-10		2.132702e-10
1.02624		6.614274e-10		2.203631e-10
1.02781		7.179002e-10		2.273273e-10
1.02938		7.120837e-10		2.365529e-10
1.03095		7.585158e-10		2.140648e-10
1.03252		7.147279e-10		2.317768e-10
1.03409		7.306680e-10		2.309457e-10
1.03567		6.957835e-10		1.925401e-10
1.03724		6.834593e-10		2.166173e-10
1.03881		6.909316e-10		2.142214e-10
1.04038		6.341076e-10		2.452244e-10
1.04195		6.861733e-10		2.176189e-10
1.04352		6.780859e-10		2.303670e-10
1.04510		7.027057e-10		2.068714e-10
1.04667		6.628940e-10		2.116042e-10
1.04824		7.078311e-10		2.078593e-10
1.04981		6.957074e-10		2.110745e-10
1.05138		7.352771e-10		2.209651e-10
1.05295		6.567947e-10		1.974108e-10
1.05452		6.956676e-10		2.247676e-10
1.05610		6.533274e-10		2.138341e-10
1.05767		7.091734e-10		2.123992e-10
1.05924		6.587387e-10		2.160667e-10
1.06081		6.665605e-10		2.259568e-10
1.06238		7.119893e-10		2.152979e-10
1.06395		6.514350e-10		1.948325e-10
1.06553		6.910353e-10		2.211846e-10
1.06710		7.160730e-10		2.174575e-10
1.06867		6.515047e-10		1.948986e-10
1.07024		6.696019e-10		2.251581e-10
1.07181		6.468936e-10		2.175095e-10
1.07338		6.593765e-10		1.996602e-10
1.07495		6.194064e-10		1.936739e-10
1.07653		6.377688e-10		2.092986e-10
1.07810		6.314436e-10		2.247941e-10
1.07967		6.561643e-10		2.068875e-10
1.08124		6.535527e-10		2.048354e-10
1.08281		6.219800e-10		2.058320e-10
1.08438		6.006117e-10		1.958260e-10
1.08596		6.363001e-10		1.986614e-10
1.08753		6.334503e-10		2.097991e-10
1.08910		6.449980e-10		1.977808e-10
1.09067		6.235509e-10		2.005485e-10
1.09224		6.056530e-10		2.030752e-10
1.09381		6.464179e-10		1.954494e-10
1.09539		6.107145e-10		1.944464e-10
1.09696		6.358108e-10		1.781683e-10
1.09853		6.092144e-10		1.822272e-10
1.10010		6.150550e-10		1.981853e-10
1.10167		6.049132e-10		2.113790e-10
1.10324		6.443323e-10		1.880191e-10
1.10481		6.112092e-10		1.849693e-10
1.10639		6.227519e-10		1.821722e-10
1.10796		6.274613e-10		1.956085e-10
1.10953		5.973327e-10		1.937431e-10
1.11110		5.931955e-10		1.830094e-10
1.11267		6.070790e-10		1.706079e-10
1.11424		6.201091e-10		1.960493e-10
1.11582		6.124588e-10		1.918187e-10
1.11739		6.198015e-10		1.948028e-10
1.11896		5.843268e-10		1.659679e-10
1.12053		5.889439e-10		2.075068e-10
1.12210		5.898633e-10		1.748200e-10
1.12367		6.070485e-10		1.827788e-10
1.12525		5.929394e-10		1.812248e-10
1.12682		5.942159e-10		1.739755e-10
1.12839		6.071211e-10		1.826887e-10
1.12996		5.985365e-10		1.748009e-10
1.13153		5.555170e-10		1.809351e-10
1.13310		5.624329e-10		1.805022e-10
1.13467		5.789502e-10		1.834090e-10
1.13625		5.718081e-10		1.807848e-10
1.13782		5.347421e-10		1.814907e-10
1.13939		5.752600e-10		1.841774e-10
1.14096		5.748923e-10		1.689186e-10
1.14253		5.705166e-10		1.766352e-10
1.14410		5.439462e-10		1.866850e-10
1.14568		5.487156e-10		1.854838e-10
1.14725		5.707447e-10		1.681590e-10
1.14882		5.456638e-10		1.650774e-10
1.15039		5.631650e-10		1.693578e-10
1.15196		5.658283e-10		1.669657e-10
1.15353		5.361617e-10		1.880239e-10
1.15511		5.408763e-10		1.789656e-10
1.15668		5.273004e-10		1.532663e-10
1.15825		5.790008e-10		1.670485e-10
1.15982		5.359556e-10		1.833132e-10
1.16139		5.237111e-10		1.685009e-10
1.16296		5.275468e-10		1.672479e-10
1.16453		5.517558e-10		1.703178e-10
1.16611		5.336407e-10		1.567273e-10
1.16768		5.309756e-10		1.549739e-10
1.16925		5.108267e-10		1.812616e-10
1.17082		5.111203e-10		1.620578e-10
1.17239		5.327425e-10		1.741441e-10
1.17396		5.472179e-10		1.758958e-10
1.17554		5.135738e-10		1.590339e-10
1.17711		4.998753e-10		1.670593e-10
1.17868		5.363750e-10		1.683893e-10
1.18025		5.023923e-10		1.619497e-10
1.18182		5.090021e-10		1.716711e-10
1.18339		4.972239e-10		1.575280e-10
1.18496		4.836147e-10		1.605088e-10
1.18654		5.047649e-10		1.668825e-10
1.18811		5.245957e-10		1.565568e-10
1.18968		4.822538e-10		1.574990e-10
1.19125		5.217110e-10		1.613233e-10
1.19282		5.035511e-10		1.575737e-10
1.19439		5.006973e-10		1.462719e-10
1.19597		5.098924e-10		1.602251e-10
1.19754		4.886319e-10		1.484825e-10
1.19911		4.899538e-10		1.601855e-10
1.20068		4.822976e-10		1.533406e-10
1.20225		5.057147e-10		1.586224e-10
1.20382		4.636470e-10		1.398435e-10
1.20540		4.992713e-10		1.351893e-10
1.20697		4.764147e-10		1.361016e-10
1.20854		4.695199e-10		1.497883e-10
1.21011		4.768175e-10		1.579909e-10
1.21168		4.751967e-10		1.496937e-10
1.21325		4.389083e-10		1.434108e-10
1.21482		4.952550e-10		1.462251e-10
1.21640		4.455020e-10		1.475781e-10
1.21797		4.497245e-10		1.408486e-10
1.21954		4.715824e-10		1.552257e-10
1.22111		4.342078e-10		1.474730e-10
1.22268		4.706777e-10		1.380302e-10
1.22425		4.596478e-10		1.479865e-10
1.22583		4.514959e-10		1.533068e-10
1.22740		4.296785e-10		1.433812e-10
1.22897		4.725800e-10		1.273857e-10
1.23054		4.290078e-10		1.502076e-10
1.23211		4.076311e-10		1.295469e-10
1.23368		4.384159e-10		1.450658e-10
1.23526		4.553039e-10		1.519994e-10
1.23683		4.428097e-10		1.346863e-10
1.23840		4.174906e-10		1.318956e-10
1.23997		4.028652e-10		1.446183e-10
1.24154		4.180867e-10		1.390004e-10
1.24311		4.218704e-10		1.358740e-10
1.24468		4.280804e-10		1.272752e-10
1.24626		4.003095e-10		1.399196e-10
1.24783		4.034753e-10		1.375850e-10
1.24940		3.975797e-10		1.286894e-10
1.25097		4.277881e-10		1.336754e-10
1.25254		4.011597e-10		1.273059e-10
1.25411		4.043678e-10		1.265748e-10
1.25569		3.987002e-10		1.332599e-10
1.25726		4.061811e-10		1.387306e-10
1.25883		4.107023e-10		1.265802e-10
1.26040		3.989343e-10		1.295057e-10
1.26197		4.118872e-10		1.304272e-10
1.26354		3.809641e-10		1.293113e-10
1.26512		3.856300e-10		1.226283e-10
1.26669		3.868187e-10		1.229501e-10
1.26826		3.899233e-10		1.249555e-10
1.26983		3.919966e-10		1.185509e-10
1.27140		3.946452e-10		1.170429e-10
1.27297		3.815947e-10		1.100691e-10
1.27454		3.803094e-10		1.187889e-10
1.27612		3.843110e-10		1.177624e-10
1.27769		3.828513e-10		1.154541e-10
1.27926		3.588275e-10		1.201974e-10
1.28083		3.489733e-10		1.166146e-10
1.28240		3.682401e-10		1.076777e-10
1.28397		3.585258e-10		1.327284e-10
1.28555		3.695118e-10		1.131205e-10
1.28712		3.589744e-10		1.235360e-10
1.28869		3.651523e-10		1.106631e-10
1.29026		3.596840e-10		1.172723e-10
1.29183		3.498809e-10		1.058339e-10
1.29340		3.546670e-10		1.156861e-10
1.29497		3.604451e-10		1.091600e-10
1.29655		3.501352e-10		1.201878e-10
1.29812		3.383607e-10		1.117733e-10
1.29969		3.381447e-10		1.123475e-10
1.30126		3.743540e-10		1.066755e-10
1.30283		3.281423e-10		1.164732e-10
1.30440		3.474773e-10		1.224633e-10
1.30598		3.416202e-10		1.051216e-10
1.30755		3.222123e-10		1.030615e-10
1.30912		3.531223e-10		1.067482e-10
1.31069		3.379239e-10		1.078826e-10
1.31226		3.328845e-10		1.186341e-10
1.31383		3.365192e-10		1.020005e-10
1.31541		3.119595e-10		1.020696e-10
1.31698		3.288210e-10		1.002408e-10
1.31855		3.227190e-10		1.029593e-10
1.32012		3.223194e-10		1.004094e-10
1.32169		2.989223e-10		9.861029e-11
1.32326		3.131732e-10		9.668834e-11
1.32483		3.043633e-10		1.062374e-10
1.32641		3.025796e-10		9.636744e-11
1.32798		3.048779e-10		9.376717e-11
1.32955		2.992231e-10		1.050589e-10
1.33112		3.094692e-10		8.961330e-11
1.33269		3.239792e-10		9.189542e-11
1.33426		3.019217e-10		9.638410e-11
1.33584		3.090304e-10		9.181095e-11
1.33741		2.942872e-10		9.664972e-11
1.33898		2.886196e-10		9.056358e-11
1.34055		3.076736e-10		8.515772e-11
1.34212		2.887766e-10		9.130804e-11
1.34369		2.661336e-10		9.220022e-11
1.34527		2.805182e-10		8.636822e-11
1.34684		2.851056e-10		9.526553e-11
1.34841		2.758062e-10		7.963666e-11
1.34998		2.667546e-10		9.067578e-11
1.35155		2.851749e-10		8.624328e-11
1.35312		2.780757e-10		7.656733e-11
1.35469		2.587162e-10		8.571008e-11
1.35627		2.671375e-10		8.246266e-11
1.35784		2.676801e-10		8.479713e-11
1.35941		2.612725e-10		7.622329e-11
1.36098		2.762579e-10		8.886832e-11
1.36255		2.438370e-10		8.406831e-11
1.36412		2.533316e-10		8.146981e-11
1.36570		2.453078e-10		8.098786e-11
1.36727		2.504595e-10		8.025778e-11
1.36884		2.391100e-10		7.503561e-11
1.37041		2.539459e-10		7.587560e-11
1.37198		2.515538e-10		7.277165e-11
1.37355		2.549057e-10		7.096042e-11
1.37513		2.264520e-10		7.076273e-11
1.37670		2.299319e-10		7.987131e-11
1.37827		2.300167e-10		7.081598e-11
1.37984		2.308828e-10		7.876722e-11
1.38141		2.369182e-10		7.329417e-11
1.38298		2.325618e-10		7.080947e-11
1.38455		2.423635e-10		6.946296e-11
1.38613		2.235758e-10		6.917789e-11
1.38770		2.270009e-10		7.450997e-11
1.38927		2.208312e-10		6.563652e-11
1.39084		2.068286e-10		7.479466e-11
1.39241		1.987620e-10		6.780317e-11
1.39398		2.093876e-10		7.315889e-11
1.39556		1.958583e-10		6.336004e-11
1.39713		1.990362e-10		6.591343e-11
1.39870		2.017980e-10		6.897796e-11
1.40027		2.042513e-10		6.137059e-11
1.40184		1.978549e-10		6.599210e-11
1.40341		1.927071e-10		6.333870e-11
1.40498		1.896904e-10		6.045866e-11
1.40656		1.885177e-10		6.274731e-11
1.40813		1.899126e-10		6.036949e-11
1.40970		1.802660e-10		5.810101e-11
1.41127		1.798816e-10		5.913153e-11
1.41284		1.808123e-10		5.952193e-11
1.41441		1.795570e-10		5.305710e-11
1.41599		1.698682e-10		5.662874e-11
1.41756		1.873770e-10		5.786599e-11
1.41913		1.745833e-10		5.573019e-11
1.42070		1.696551e-10		5.279060e-11
1.42227		1.730520e-10		5.102422e-11
1.42384		1.728271e-10		5.066346e-11
1.42542		1.654826e-10		5.370420e-11
1.42699		1.645275e-10		5.435580e-11
1.42856		1.589270e-10		5.414158e-11
1.43013		1.590296e-10		5.074430e-11
1.43170		1.601023e-10		5.049553e-11
1.43327		1.526027e-10		4.943627e-11
1.43484		1.452189e-10		4.606721e-11
1.43642		1.545004e-10		4.795384e-11
1.43799		1.477772e-10		4.875670e-11
1.43956		1.394070e-10		4.453184e-11
1.44113		1.393927e-10		4.729186e-11
1.44270		1.439902e-10		4.720170e-11
1.44427		1.397030e-10		4.643468e-11
1.44585		1.343044e-10		4.522131e-11
1.44742		1.391186e-10		4.405975e-11
1.44899		1.378743e-10		4.286575e-11
1.45056		1.281864e-10		3.945010e-11
1.45213		1.275671e-10		3.778094e-11
1.45370		1.235930e-10		3.871376e-11
1.45528		1.202047e-10		3.662161e-11
1.45685		1.237990e-10		3.935776e-11
1.45842		1.228492e-10		3.894663e-11
1.45999		1.106998e-10		3.460419e-11
1.46156		1.120353e-10		3.746745e-11
1.46313		1.084821e-10		3.445780e-11
1.46470		1.071076e-10		3.526162e-11
1.46628		1.049691e-10		3.470610e-11
1.46785		1.071601e-10		3.131336e-11
1.46942		1.024847e-10		3.210094e-11
1.47099		1.014774e-10		3.281648e-11
1.47256		9.642175e-11		3.166131e-11
1.47413		1.045151e-10		3.104087e-11
1.47571		9.223249e-11		2.767295e-11
1.47728		8.871870e-11		2.878458e-11
1.47885		8.892334e-11		2.798839e-11
1.48042		8.417763e-11		2.926484e-11
1.48199		8.376343e-11		2.796864e-11
1.48356		8.251377e-11		2.488698e-11
1.48514		8.448136e-11		2.652584e-11
1.48671		7.795582e-11		2.285126e-11
1.48828		7.832876e-11		2.713706e-11
1.48985		7.060699e-11		2.328948e-11
1.49142		7.045989e-11		2.366906e-11
1.49299		6.495535e-11		2.280684e-11
1.49456		6.455088e-11		2.147382e-11
1.49614		5.820033e-11		2.252279e-11
1.49771		5.926341e-11		1.884171e-11
1.49928		5.694103e-11		2.077265e-11
1.50085		5.518794e-11		2.104499e-11
1.50242		5.302194e-11		1.961006e-11
1.50399		5.037346e-11		1.630977e-11
1.50557		4.948812e-11		1.686616e-11
1.50714		4.440122e-11		1.671731e-11
1.50871		4.095456e-11		1.602709e-11
1.51028		4.367105e-11		1.521145e-11
1.51185		4.054580e-11		1.622835e-11
1.51342		4.080411e-11		1.426175e-11
1.51499		3.357839e-11		1.255071e-11
1.51657		3.340267e-11		1.368420e-11
1.51814		3.016021e-11		1.259771e-11
1.51971		2.976367e-11		9.735924e-12
1.52128		2.668101e-11		1.004084e-11
1.52285		2.264490e-11		1.079859e-11
1.52442		1.952748e-11		8.585676e-12
1.52600		1.705942e-11		9.461725e-12
1.52757		1.563286e-11		8.933428e-12
1.52914		1.509150e-11		7.881813e-12
1.53071		1.207784e-11		7.906659e-12
1.53228		9.943198e-12		8.339888e-12
1.53385		6.660081e-12		7.452874e-12
1.53543		5.918825e-12		7.475981e-12
1.53700		2.506504e-12		6.730497e-12
1.53857		1.751708e-13		7.580764e-12
1.54014		-1.236281e-13		6.811330e-12
1.54171		-2.962643e-13		6.802672e-12
1.54328		3.367579e-13		7.216723e-12
1.54485		3.650257e-13		7.212980e-12
1.54643		-5.147847e-14		6.396176e-12
1.54800		-7.762638e-13		6.885737e-12
1.54957		-1.121039e-12		6.606655e-12
1.55114		5.247498e-13		6.889194e-12
1.55271		1.294348e-13		7.134862e-12
1.55428		-1.456207e-12		6.587366e-12
1.55586		9.938986e-14		7.482656e-12
1.55743		6.796972e-13		7.017947e-12
1.55900		1.025517e-12		7.237802e-12
1.56057		-7.318860e-14		6.908079e-12
1.56214		-5.506093e-13		7.076884e-12
1.56371		7.653509e-13		7.274659e-12
1.56529		3.529948e-13		7.580272e-12
1.56686		1.979002e-13		7.267406e-12
1.56843		-1.156063e-12		7.033558e-12
1.57000		7.708132e-13		7.295814e-12

Total data points: 1000
