PHOTOELECTRIC EFFECT LAB - RAW DATA
Date: 2026-04-06 17:39:17
Portland State University Physics Dept.
Photocathode: Material #1
Work Function: 4.3700 eV
Wavelength: 2300 Angstroms
Frequency: 1.303445e+15 Hz
============================================================

Raw Current Data:
----------------------------------------
V_r (V)		I_total (A)		sigma_I (A)
0.00000		3.373477e-09		9.473186e-10
0.00106		3.268442e-09		9.796998e-10
0.00212		3.204901e-09		1.010700e-09
0.00318		3.353470e-09		1.048870e-09
0.00424		3.138424e-09		1.130454e-09
0.00531		3.354581e-09		1.032556e-09
0.00637		3.278019e-09		1.027028e-09
0.00743		3.114693e-09		1.052662e-09
0.00849		3.163499e-09		1.010971e-09
0.00955		3.182292e-09		9.714492e-10
0.01061		3.296344e-09		9.688573e-10
0.01167		2.991210e-09		1.040717e-09
0.01273		3.308356e-09		1.026958e-09
0.01379		3.291085e-09		1.030620e-09
0.01485		3.127603e-09		1.057478e-09
0.01592		3.183697e-09		1.054922e-09
0.01698		3.239180e-09		1.106875e-09
0.01804		3.275868e-09		1.086171e-09
0.01910		3.302092e-09		1.038959e-09
0.02016		3.210451e-09		9.721948e-10
0.02122		3.416859e-09		1.003517e-09
0.02228		3.043707e-09		9.635125e-10
0.02334		3.133897e-09		1.065361e-09
0.02440		3.324511e-09		1.020473e-09
0.02547		3.198666e-09		9.481465e-10
0.02653		3.141893e-09		1.042868e-09
0.02759		2.892468e-09		1.058379e-09
0.02865		3.218461e-09		1.066843e-09
0.02971		3.035381e-09		9.846592e-10
0.03077		3.334282e-09		1.052376e-09
0.03183		3.292176e-09		1.050096e-09
0.03289		3.149084e-09		9.261828e-10
0.03395		3.308705e-09		9.798927e-10
0.03502		3.272715e-09		1.029526e-09
0.03608		3.145240e-09		9.353379e-10
0.03714		3.290573e-09		1.013629e-09
0.03820		3.306772e-09		1.022117e-09
0.03926		3.203367e-09		1.085066e-09
0.04032		3.196467e-09		1.085698e-09
0.04138		3.067334e-09		1.038901e-09
0.04244		3.289746e-09		9.650332e-10
0.04350		3.170325e-09		9.970745e-10
0.04456		3.116567e-09		9.382947e-10
0.04563		3.457133e-09		1.030799e-09
0.04669		3.352951e-09		1.035466e-09
0.04775		3.280931e-09		1.077359e-09
0.04881		3.374653e-09		1.032648e-09
0.04987		3.118953e-09		1.040325e-09
0.05093		3.295032e-09		1.008823e-09
0.05199		3.276743e-09		1.102829e-09
0.05305		3.188070e-09		9.837043e-10
0.05411		3.317147e-09		9.907303e-10
0.05518		3.068731e-09		1.027214e-09
0.05624		3.383625e-09		1.104484e-09
0.05730		3.238108e-09		9.878907e-10
0.05836		3.296060e-09		1.055666e-09
0.05942		3.062353e-09		9.700770e-10
0.06048		3.254923e-09		1.019002e-09
0.06154		3.118565e-09		9.775225e-10
0.06260		3.016801e-09		1.097656e-09
0.06366		3.268124e-09		1.040234e-09
0.06472		3.326023e-09		9.649069e-10
0.06579		3.261180e-09		1.095582e-09
0.06685		3.056306e-09		9.767161e-10
0.06791		3.186927e-09		9.986137e-10
0.06897		3.076149e-09		9.981163e-10
0.07003		3.022343e-09		9.685914e-10
0.07109		3.242153e-09		9.619131e-10
0.07215		3.198844e-09		1.053029e-09
0.07321		3.157967e-09		1.041630e-09
0.07427		3.128984e-09		9.350553e-10
0.07534		3.248269e-09		9.697089e-10
0.07640		3.456376e-09		1.104674e-09
0.07746		3.063070e-09		1.010939e-09
0.07852		3.172842e-09		9.416965e-10
0.07958		3.351448e-09		1.010607e-09
0.08064		3.229381e-09		1.057982e-09
0.08170		3.214973e-09		1.027176e-09
0.08276		3.117185e-09		1.017491e-09
0.08382		3.018421e-09		1.075737e-09
0.08488		3.141886e-09		1.016132e-09
0.08595		3.257237e-09		8.554617e-10
0.08701		3.196406e-09		1.002541e-09
0.08807		3.075557e-09		9.639175e-10
0.08913		3.320587e-09		9.034979e-10
0.09019		3.147833e-09		9.559040e-10
0.09125		3.056255e-09		1.032876e-09
0.09231		3.197770e-09		9.663233e-10
0.09337		3.374120e-09		1.012643e-09
0.09443		3.070406e-09		9.431935e-10
0.09550		3.008328e-09		9.213924e-10
0.09656		3.122843e-09		9.525447e-10
0.09762		3.181468e-09		1.112856e-09
0.09868		3.081984e-09		1.037304e-09
0.09974		3.301812e-09		1.037250e-09
0.10080		3.072657e-09		9.634730e-10
0.10186		3.190882e-09		1.092506e-09
0.10292		3.124688e-09		1.062191e-09
0.10398		3.290587e-09		1.070070e-09
0.10505		3.275367e-09		1.020981e-09
0.10611		3.202704e-09		1.114471e-09
0.10717		3.408469e-09		1.004340e-09
0.10823		3.135091e-09		1.015781e-09
0.10929		3.221348e-09		9.991378e-10
0.11035		3.089636e-09		1.015791e-09
0.11141		3.227311e-09		9.666901e-10
0.11247		3.154013e-09		9.476542e-10
0.11353		3.394850e-09		1.028506e-09
0.11459		3.242030e-09		9.348018e-10
0.11566		3.003803e-09		1.035667e-09
0.11672		3.243258e-09		9.988286e-10
0.11778		3.159494e-09		1.100881e-09
0.11884		3.272290e-09		1.006772e-09
0.11990		3.119394e-09		1.080752e-09
0.12096		3.338976e-09		9.878951e-10
0.12202		3.138302e-09		1.011686e-09
0.12308		3.134373e-09		9.884222e-10
0.12414		3.032294e-09		9.230786e-10
0.12521		3.244147e-09		1.018538e-09
0.12627		3.315829e-09		9.987274e-10
0.12733		3.130050e-09		1.094224e-09
0.12839		3.261097e-09		1.046379e-09
0.12945		3.180918e-09		9.374408e-10
0.13051		3.048470e-09		1.033577e-09
0.13157		3.110749e-09		1.014897e-09
0.13263		3.232372e-09		9.839209e-10
0.13369		3.098449e-09		9.923496e-10
0.13475		3.144083e-09		1.047996e-09
0.13582		3.264284e-09		9.641235e-10
0.13688		3.102066e-09		1.033870e-09
0.13794		2.984642e-09		9.385419e-10
0.13900		3.165038e-09		9.459160e-10
0.14006		3.084417e-09		9.474374e-10
0.14112		3.264659e-09		9.552938e-10
0.14218		3.223983e-09		9.393862e-10
0.14324		3.240834e-09		9.307330e-10
0.14430		3.158811e-09		9.565153e-10
0.14537		3.112980e-09		9.317113e-10
0.14643		3.219951e-09		9.775929e-10
0.14749		3.150426e-09		9.974294e-10
0.14855		3.085585e-09		9.472763e-10
0.14961		3.087195e-09		9.828075e-10
0.15067		3.148963e-09		9.480691e-10
0.15173		3.223154e-09		9.473092e-10
0.15279		3.208983e-09		9.225688e-10
0.15385		3.167456e-09		9.688514e-10
0.15491		3.005375e-09		1.017521e-09
0.15598		3.173682e-09		1.040479e-09
0.15704		3.093346e-09		1.035990e-09
0.15810		3.014768e-09		1.008571e-09
0.15916		3.242159e-09		9.435714e-10
0.16022		3.158684e-09		9.673923e-10
0.16128		3.240130e-09		1.038334e-09
0.16234		3.210267e-09		1.014575e-09
0.16340		3.208724e-09		1.009103e-09
0.16446		3.083247e-09		9.702023e-10
0.16553		2.959853e-09		9.816561e-10
0.16659		3.004781e-09		1.027411e-09
0.16765		3.087184e-09		9.450518e-10
0.16871		3.037558e-09		9.825909e-10
0.16977		3.208065e-09		1.067690e-09
0.17083		2.969711e-09		9.744047e-10
0.17189		3.195824e-09		9.973358e-10
0.17295		2.899299e-09		1.044517e-09
0.17401		3.100206e-09		1.024452e-09
0.17508		3.215139e-09		8.949392e-10
0.17614		3.176165e-09		9.336841e-10
0.17720		3.126811e-09		9.814856e-10
0.17826		3.041593e-09		1.016641e-09
0.17932		3.100967e-09		1.001621e-09
0.18038		3.364759e-09		1.029262e-09
0.18144		3.236420e-09		9.598253e-10
0.18250		3.086057e-09		9.958017e-10
0.18356		3.133410e-09		1.014950e-09
0.18462		3.143411e-09		9.921961e-10
0.18569		3.088304e-09		1.056806e-09
0.18675		3.084592e-09		9.923016e-10
0.18781		3.230305e-09		9.300336e-10
0.18887		2.884482e-09		9.192718e-10
0.18993		3.183892e-09		9.513350e-10
0.19099		2.966565e-09		9.546944e-10
0.19205		2.994652e-09		9.940395e-10
0.19311		2.956047e-09		1.003412e-09
0.19417		3.142423e-09		1.032884e-09
0.19524		3.076101e-09		9.695524e-10
0.19630		2.839779e-09		9.875723e-10
0.19736		3.145664e-09		9.886291e-10
0.19842		3.261294e-09		1.002002e-09
0.19948		3.032724e-09		9.379654e-10
0.20054		3.232514e-09		1.003216e-09
0.20160		3.021327e-09		9.660018e-10
0.20266		2.876721e-09		1.014467e-09
0.20372		3.140780e-09		9.224074e-10
0.20478		2.988162e-09		9.516067e-10
0.20585		3.079389e-09		9.107310e-10
0.20691		3.222895e-09		1.031446e-09
0.20797		3.032914e-09		1.000293e-09
0.20903		3.032052e-09		1.004167e-09
0.21009		3.024892e-09		9.821058e-10
0.21115		3.095390e-09		9.223066e-10
0.21221		3.231442e-09		9.009521e-10
0.21327		2.897365e-09		9.649665e-10
0.21433		3.126964e-09		9.423028e-10
0.21540		3.256926e-09		9.181375e-10
0.21646		3.006669e-09		9.741773e-10
0.21752		3.158991e-09		8.524343e-10
0.21858		3.083419e-09		9.602998e-10
0.21964		3.052210e-09		9.277971e-10
0.22070		2.818008e-09		9.348230e-10
0.22176		3.040990e-09		9.305306e-10
0.22282		3.172787e-09		9.108529e-10
0.22388		3.025129e-09		9.957570e-10
0.22494		3.018645e-09		8.701526e-10
0.22601		3.208022e-09		9.513967e-10
0.22707		3.044253e-09		9.381646e-10
0.22813		2.989875e-09		9.826280e-10
0.22919		3.093572e-09		8.870604e-10
0.23025		3.064890e-09		8.470003e-10
0.23131		2.868833e-09		1.002348e-09
0.23237		2.848341e-09		9.653239e-10
0.23343		3.015827e-09		9.155965e-10
0.23449		2.997936e-09		9.454267e-10
0.23556		3.027551e-09		9.300781e-10
0.23662		2.814701e-09		9.346807e-10
0.23768		2.966545e-09		9.444272e-10
0.23874		3.207533e-09		9.360488e-10
0.23980		2.945993e-09		1.009721e-09
0.24086		3.151391e-09		9.734676e-10
0.24192		3.177664e-09		9.692746e-10
0.24298		3.085447e-09		9.539373e-10
0.24404		3.230435e-09		1.067780e-09
0.24511		3.056689e-09		1.028570e-09
0.24617		2.913485e-09		9.558487e-10
0.24723		3.004263e-09		8.771630e-10
0.24829		2.947606e-09		9.948852e-10
0.24935		2.893433e-09		9.771177e-10
0.25041		2.947818e-09		1.027775e-09
0.25147		2.964579e-09		9.698994e-10
0.25253		3.148964e-09		9.560099e-10
0.25359		2.987532e-09		1.036723e-09
0.25465		2.980104e-09		1.013002e-09
0.25572		2.737384e-09		8.737621e-10
0.25678		3.145928e-09		9.419569e-10
0.25784		2.965758e-09		9.062776e-10
0.25890		2.984157e-09		8.700075e-10
0.25996		2.818851e-09		9.503689e-10
0.26102		2.970934e-09		9.829807e-10
0.26208		2.977883e-09		8.216398e-10
0.26314		3.060645e-09		9.061113e-10
0.26420		2.959273e-09		9.784652e-10
0.26527		2.971332e-09		9.251615e-10
0.26633		2.937409e-09		9.425955e-10
0.26739		3.108067e-09		9.079164e-10
0.26845		3.062027e-09		1.004056e-09
0.26951		3.021390e-09		9.977487e-10
0.27057		2.846725e-09		9.383568e-10
0.27163		2.908063e-09		9.713193e-10
0.27269		2.901061e-09		9.412640e-10
0.27375		2.984506e-09		9.970364e-10
0.27481		3.057438e-09		8.761190e-10
0.27588		3.000365e-09		9.642728e-10
0.27694		2.975793e-09		9.450805e-10
0.27800		2.882103e-09		9.355524e-10
0.27906		3.005367e-09		8.916076e-10
0.28012		2.979181e-09		8.623789e-10
0.28118		2.953208e-09		8.824265e-10
0.28224		3.043323e-09		9.057557e-10
0.28330		2.734985e-09		9.472085e-10
0.28436		2.986474e-09		9.365706e-10
0.28543		2.784337e-09		9.077590e-10
0.28649		2.869508e-09		9.460446e-10
0.28755		2.856947e-09		9.324093e-10
0.28861		2.855365e-09		9.339614e-10
0.28967		3.078251e-09		8.782620e-10
0.29073		2.880848e-09		9.303067e-10
0.29179		2.968000e-09		9.401396e-10
0.29285		2.926735e-09		9.281432e-10
0.29391		2.948162e-09		8.544459e-10
0.29497		3.057780e-09		9.880813e-10
0.29604		2.763636e-09		8.864396e-10
0.29710		2.871017e-09		8.578948e-10
0.29816		2.865882e-09		9.044166e-10
0.29922		2.818727e-09		8.787243e-10
0.30028		2.954320e-09		9.253693e-10
0.30134		2.789685e-09		8.999811e-10
0.30240		3.002825e-09		8.998202e-10
0.30346		2.976865e-09		8.878923e-10
0.30452		2.857602e-09		9.502374e-10
0.30559		2.971888e-09		9.721635e-10
0.30665		2.836832e-09		8.995368e-10
0.30771		2.883325e-09		8.963665e-10
0.30877		2.914535e-09		9.723697e-10
0.30983		2.784913e-09		9.184937e-10
0.31089		2.978397e-09		8.382857e-10
0.31195		2.976578e-09		9.232839e-10
0.31301		2.914101e-09		8.947313e-10
0.31407		2.911387e-09		9.411247e-10
0.31514		2.698975e-09		8.329503e-10
0.31620		2.869781e-09		8.648769e-10
0.31726		2.752194e-09		8.878271e-10
0.31832		2.811942e-09		9.610535e-10
0.31938		2.831881e-09		9.673610e-10
0.32044		3.039912e-09		8.989702e-10
0.32150		2.916754e-09		9.005674e-10
0.32256		2.820257e-09		9.780726e-10
0.32362		2.925519e-09		9.154037e-10
0.32468		2.881077e-09		9.817961e-10
0.32575		2.902939e-09		8.967807e-10
0.32681		2.832160e-09		8.752858e-10
0.32787		2.750388e-09		9.511692e-10
0.32893		2.772452e-09		9.309075e-10
0.32999		2.690321e-09		8.791959e-10
0.33105		2.850028e-09		8.262705e-10
0.33211		2.864838e-09		9.172191e-10
0.33317		2.770336e-09		8.354332e-10
0.33423		3.024889e-09		8.562942e-10
0.33530		2.817022e-09		9.000562e-10
0.33636		2.754945e-09		8.822188e-10
0.33742		2.779250e-09		8.649082e-10
0.33848		2.810153e-09		9.618488e-10
0.33954		2.684942e-09		9.303667e-10
0.34060		2.912260e-09		8.666305e-10
0.34166		2.914673e-09		9.477227e-10
0.34272		2.760978e-09		8.879352e-10
0.34378		2.798695e-09		8.702869e-10
0.34484		2.719164e-09		8.896076e-10
0.34591		2.650246e-09		8.666742e-10
0.34697		2.853669e-09		9.167059e-10
0.34803		2.803363e-09		8.608074e-10
0.34909		2.711411e-09		8.802124e-10
0.35015		2.830317e-09		7.951389e-10
0.35121		2.685133e-09		8.381317e-10
0.35227		2.803019e-09		9.406266e-10
0.35333		2.660873e-09		1.014976e-09
0.35439		2.719822e-09		8.772897e-10
0.35546		2.822705e-09		7.862141e-10
0.35652		2.882214e-09		8.813811e-10
0.35758		2.902552e-09		8.622849e-10
0.35864		2.701178e-09		8.192131e-10
0.35970		2.760498e-09		8.681148e-10
0.36076		2.883042e-09		8.837523e-10
0.36182		2.759681e-09		9.002646e-10
0.36288		2.815814e-09		8.185541e-10
0.36394		2.647637e-09		8.807815e-10
0.36501		2.620760e-09		8.805185e-10
0.36607		2.687104e-09		9.084124e-10
0.36713		2.704400e-09		9.276292e-10
0.36819		2.750415e-09		8.388955e-10
0.36925		2.623191e-09		8.793906e-10
0.37031		2.761394e-09		8.529970e-10
0.37137		2.730906e-09		8.601488e-10
0.37243		2.758790e-09		9.140809e-10
0.37349		2.665795e-09		8.570957e-10
0.37455		2.479178e-09		8.815809e-10
0.37562		2.641286e-09		8.405984e-10
0.37668		2.725642e-09		8.896828e-10
0.37774		2.725448e-09		9.118575e-10
0.37880		2.733463e-09		8.724928e-10
0.37986		2.789562e-09		8.257224e-10
0.38092		2.751167e-09		7.895233e-10
0.38198		2.513750e-09		9.702433e-10
0.38304		2.699207e-09		7.132488e-10
0.38410		2.721128e-09		8.315422e-10
0.38517		2.726901e-09		8.089681e-10
0.38623		2.637199e-09		8.509811e-10
0.38729		2.607255e-09		8.401284e-10
0.38835		2.556370e-09		8.594941e-10
0.38941		2.711691e-09		8.564346e-10
0.39047		2.614111e-09		8.900109e-10
0.39153		2.624806e-09		7.991347e-10
0.39259		2.855033e-09		8.304604e-10
0.39365		2.486513e-09		8.467918e-10
0.39471		2.671775e-09		7.649086e-10
0.39578		2.524308e-09		7.603679e-10
0.39684		2.702761e-09		8.659587e-10
0.39790		2.742095e-09		7.535025e-10
0.39896		2.538198e-09		8.556951e-10
0.40002		2.503009e-09		7.904541e-10
0.40108		2.596155e-09		8.276815e-10
0.40214		2.709440e-09		8.437165e-10
0.40320		2.649974e-09		8.150042e-10
0.40426		2.556687e-09		7.508898e-10
0.40533		2.612814e-09		8.244882e-10
0.40639		2.561890e-09		9.334288e-10
0.40745		2.697554e-09		8.644618e-10
0.40851		2.700536e-09		8.521214e-10
0.40957		2.637468e-09		8.091113e-10
0.41063		2.610669e-09		7.809713e-10
0.41169		2.838089e-09		8.009037e-10
0.41275		2.505332e-09		7.896021e-10
0.41381		2.511880e-09		7.927238e-10
0.41487		2.680648e-09		7.703009e-10
0.41594		2.467572e-09		8.297206e-10
0.41700		2.537861e-09		8.692596e-10
0.41806		2.670424e-09		7.495290e-10
0.41912		2.593367e-09		8.478872e-10
0.42018		2.530089e-09		7.960928e-10
0.42124		2.679432e-09		7.818998e-10
0.42230		2.591554e-09		8.335623e-10
0.42336		2.660629e-09		7.989281e-10
0.42442		2.720076e-09		7.919158e-10
0.42549		2.675319e-09		7.628989e-10
0.42655		2.554867e-09		8.529726e-10
0.42761		2.488663e-09		7.542411e-10
0.42867		2.623360e-09		7.861768e-10
0.42973		2.556464e-09		8.026591e-10
0.43079		2.584016e-09		8.597085e-10
0.43185		2.793739e-09		7.999867e-10
0.43291		2.489878e-09		8.138918e-10
0.43397		2.434543e-09		8.950735e-10
0.43504		2.465919e-09		8.650238e-10
0.43610		2.642012e-09		8.197441e-10
0.43716		2.606891e-09		8.791418e-10
0.43822		2.502133e-09		8.138878e-10
0.43928		2.473025e-09		8.315247e-10
0.44034		2.477379e-09		7.432919e-10
0.44140		2.549303e-09		8.001867e-10
0.44246		2.465629e-09		7.470219e-10
0.44352		2.551050e-09		8.384497e-10
0.44458		2.437908e-09		7.893121e-10
0.44565		2.467166e-09		8.014283e-10
0.44671		2.485376e-09		7.738367e-10
0.44777		2.558075e-09		7.629194e-10
0.44883		2.513727e-09		7.780648e-10
0.44989		2.432850e-09		7.591983e-10
0.45095		2.427143e-09		7.772443e-10
0.45201		2.478757e-09		8.218512e-10
0.45307		2.431256e-09		7.805514e-10
0.45413		2.467842e-09		7.906646e-10
0.45520		2.466698e-09		7.996293e-10
0.45626		2.554759e-09		8.061757e-10
0.45732		2.457747e-09		7.987190e-10
0.45838		2.364713e-09		7.795100e-10
0.45944		2.542784e-09		7.865686e-10
0.46050		2.312571e-09		8.587648e-10
0.46156		2.422049e-09		7.921179e-10
0.46262		2.454874e-09		7.529690e-10
0.46368		2.476033e-09		7.849796e-10
0.46474		2.490157e-09		7.046578e-10
0.46581		2.510148e-09		7.716693e-10
0.46687		2.449006e-09		7.928894e-10
0.46793		2.509942e-09		7.319737e-10
0.46899		2.476316e-09		7.765711e-10
0.47005		2.449275e-09		8.323759e-10
0.47111		2.589923e-09		7.236375e-10
0.47217		2.412231e-09		7.534354e-10
0.47323		2.358353e-09		7.436285e-10
0.47429		2.315954e-09		7.295452e-10
0.47536		2.361222e-09		7.420999e-10
0.47642		2.419196e-09		7.739422e-10
0.47748		2.451872e-09		6.915441e-10
0.47854		2.479906e-09		7.585724e-10
0.47960		2.313488e-09		6.715585e-10
0.48066		2.456219e-09		6.781645e-10
0.48172		2.449075e-09		7.447798e-10
0.48278		2.376128e-09		7.949779e-10
0.48384		2.239068e-09		7.390535e-10
0.48490		2.408939e-09		7.205766e-10
0.48597		2.411260e-09		6.742415e-10
0.48703		2.448761e-09		8.261317e-10
0.48809		2.371707e-09		7.306206e-10
0.48915		2.320143e-09		7.590966e-10
0.49021		2.452815e-09		7.446852e-10
0.49127		2.226360e-09		7.309851e-10
0.49233		2.375227e-09		6.927052e-10
0.49339		2.230128e-09		7.924101e-10
0.49445		2.324278e-09		7.646299e-10
0.49552		2.282946e-09		7.307158e-10
0.49658		2.313526e-09		7.314322e-10
0.49764		2.257364e-09		7.574181e-10
0.49870		2.347829e-09		7.446920e-10
0.49976		2.296379e-09		7.248356e-10
0.50082		2.171737e-09		6.805620e-10
0.50188		2.305072e-09		7.500595e-10
0.50294		2.299889e-09		7.677403e-10
0.50400		2.212937e-09		7.422215e-10
0.50507		2.368920e-09		6.778857e-10
0.50613		2.309645e-09		7.570434e-10
0.50719		2.343376e-09		6.669255e-10
0.50825		2.308138e-09		7.070577e-10
0.50931		2.224179e-09		7.102871e-10
0.51037		2.395410e-09		7.205436e-10
0.51143		2.214098e-09		7.011754e-10
0.51249		2.281603e-09		6.623829e-10
0.51355		2.374542e-09		7.914334e-10
0.51461		2.213187e-09		7.605419e-10
0.51568		2.224724e-09		7.012892e-10
0.51674		2.426818e-09		7.185620e-10
0.51780		2.188763e-09		7.077630e-10
0.51886		2.203535e-09		6.921151e-10
0.51992		2.322546e-09		6.907426e-10
0.52098		2.221858e-09		6.566061e-10
0.52204		2.305757e-09		6.772695e-10
0.52310		2.332852e-09		6.968325e-10
0.52416		2.381927e-09		6.863635e-10
0.52523		2.197120e-09		6.683408e-10
0.52629		2.246046e-09		6.979022e-10
0.52735		2.237337e-09		6.669458e-10
0.52841		2.284557e-09		7.620745e-10
0.52947		2.194121e-09		7.377658e-10
0.53053		2.203044e-09		7.104162e-10
0.53159		2.276697e-09		6.677499e-10
0.53265		2.231548e-09		7.059564e-10
0.53371		2.234375e-09		6.750229e-10
0.53477		2.250397e-09		6.725509e-10
0.53584		2.338575e-09		6.607348e-10
0.53690		2.244708e-09		6.868541e-10
0.53796		2.191849e-09		6.938776e-10
0.53902		2.227363e-09		6.706713e-10
0.54008		2.240045e-09		6.943937e-10
0.54114		2.142115e-09		7.310506e-10
0.54220		2.216575e-09		6.899244e-10
0.54326		2.224607e-09		6.717237e-10
0.54432		2.284685e-09		6.748941e-10
0.54539		2.322304e-09		6.599401e-10
0.54645		2.266457e-09		6.671771e-10
0.54751		2.222883e-09		6.397303e-10
0.54857		2.214117e-09		7.136037e-10
0.54963		2.132950e-09		6.308050e-10
0.55069		2.220726e-09		7.133427e-10
0.55175		2.087634e-09		6.913243e-10
0.55281		2.009882e-09		7.438409e-10
0.55387		2.129923e-09		6.612991e-10
0.55493		2.100800e-09		6.805490e-10
0.55600		2.129841e-09		6.244900e-10
0.55706		2.078674e-09		6.003526e-10
0.55812		2.105088e-09		6.301283e-10
0.55918		2.233726e-09		6.597912e-10
0.56024		2.036035e-09		6.292892e-10
0.56130		2.187803e-09		6.307046e-10
0.56236		2.139652e-09		6.032077e-10
0.56342		2.010871e-09		6.126201e-10
0.56448		2.149802e-09		6.344303e-10
0.56555		2.016477e-09		6.782705e-10
0.56661		2.054179e-09		6.506230e-10
0.56767		1.937799e-09		6.179066e-10
0.56873		2.182736e-09		6.715068e-10
0.56979		2.045350e-09		6.886187e-10
0.57085		2.007062e-09		6.826673e-10
0.57191		2.109514e-09		6.393045e-10
0.57297		2.064149e-09		6.219785e-10
0.57403		2.069765e-09		6.371810e-10
0.57510		2.144935e-09		6.715037e-10
0.57616		2.079117e-09		6.219699e-10
0.57722		1.951886e-09		6.135850e-10
0.57828		2.085256e-09		6.791242e-10
0.57934		1.962053e-09		5.673490e-10
0.58040		1.934306e-09		6.703865e-10
0.58146		2.098681e-09		6.756124e-10
0.58252		2.083175e-09		6.546497e-10
0.58358		1.964430e-09		6.265876e-10
0.58464		1.969187e-09		6.372640e-10
0.58571		1.935326e-09		6.472863e-10
0.58677		2.002621e-09		6.502512e-10
0.58783		2.024660e-09		6.390459e-10
0.58889		2.028791e-09		5.949596e-10
0.58995		2.059211e-09		5.656799e-10
0.59101		2.040052e-09		6.046516e-10
0.59207		1.963204e-09		6.391164e-10
0.59313		1.975959e-09		5.916638e-10
0.59419		1.991051e-09		6.636741e-10
0.59526		1.950347e-09		5.590487e-10
0.59632		1.918277e-09		6.302380e-10
0.59738		1.929848e-09		5.530703e-10
0.59844		1.933685e-09		6.659279e-10
0.59950		1.938932e-09		6.300504e-10
0.60056		1.902772e-09		6.344716e-10
0.60162		2.053108e-09		6.100133e-10
0.60268		1.932669e-09		5.908475e-10
0.60374		1.891033e-09		6.357167e-10
0.60480		1.939396e-09		6.676820e-10
0.60587		1.978762e-09		6.253586e-10
0.60693		1.932976e-09		6.296204e-10
0.60799		1.934593e-09		5.913754e-10
0.60905		1.844990e-09		6.009297e-10
0.61011		1.952334e-09		6.099462e-10
0.61117		1.888947e-09		5.562484e-10
0.61223		1.762049e-09		6.017878e-10
0.61329		1.935764e-09		5.959664e-10
0.61435		1.820873e-09		6.141944e-10
0.61542		1.845606e-09		6.407765e-10
0.61648		1.773677e-09		5.606732e-10
0.61754		1.892216e-09		6.043266e-10
0.61860		1.856389e-09		6.411303e-10
0.61966		2.030922e-09		6.553235e-10
0.62072		1.931836e-09		6.493112e-10
0.62178		1.796330e-09		5.714611e-10
0.62284		1.863010e-09		6.004876e-10
0.62390		1.959151e-09		5.952052e-10
0.62496		1.837285e-09		5.550485e-10
0.62603		1.879278e-09		6.018868e-10
0.62709		1.873357e-09		6.004409e-10
0.62815		1.911511e-09		5.928970e-10
0.62921		1.758992e-09		5.616861e-10
0.63027		1.873113e-09		5.624845e-10
0.63133		1.838283e-09		5.636052e-10
0.63239		1.860737e-09		5.303332e-10
0.63345		1.829276e-09		5.468225e-10
0.63451		1.833361e-09		6.090496e-10
0.63558		1.803446e-09		5.445737e-10
0.63664		1.792820e-09		5.575544e-10
0.63770		1.805414e-09		5.710698e-10
0.63876		1.769149e-09		5.644308e-10
0.63982		1.887790e-09		5.275470e-10
0.64088		1.795932e-09		5.508822e-10
0.64194		1.839063e-09		5.600343e-10
0.64300		1.738907e-09		6.037716e-10
0.64406		1.649025e-09		5.271479e-10
0.64513		1.843079e-09		5.968654e-10
0.64619		1.721682e-09		5.578610e-10
0.64725		1.787289e-09		5.726944e-10
0.64831		1.685087e-09		5.142866e-10
0.64937		1.697924e-09		5.602074e-10
0.65043		1.703713e-09		6.099492e-10
0.65149		1.677573e-09		5.504777e-10
0.65255		1.775743e-09		6.099936e-10
0.65361		1.696577e-09		5.428580e-10
0.65467		1.650586e-09		4.774589e-10
0.65574		1.780767e-09		5.564166e-10
0.65680		1.894450e-09		5.527503e-10
0.65786		1.677370e-09		5.190906e-10
0.65892		1.750383e-09		5.136293e-10
0.65998		1.833555e-09		4.800441e-10
0.66104		1.734727e-09		5.427078e-10
0.66210		1.685531e-09		5.129500e-10
0.66316		1.650993e-09		5.533418e-10
0.66422		1.703795e-09		5.883011e-10
0.66529		1.695281e-09		5.334021e-10
0.66635		1.642900e-09		4.941289e-10
0.66741		1.734866e-09		4.909680e-10
0.66847		1.752840e-09		5.479720e-10
0.66953		1.616014e-09		5.122324e-10
0.67059		1.588945e-09		5.810358e-10
0.67165		1.690647e-09		5.327014e-10
0.67271		1.635235e-09		5.504907e-10
0.67377		1.555836e-09		5.296859e-10
0.67483		1.571020e-09		5.498113e-10
0.67590		1.695513e-09		4.746504e-10
0.67696		1.672067e-09		4.720673e-10
0.67802		1.679668e-09		5.270311e-10
0.67908		1.687775e-09		4.900814e-10
0.68014		1.609363e-09		4.897309e-10
0.68120		1.615793e-09		5.244102e-10
0.68226		1.677940e-09		5.475632e-10
0.68332		1.636992e-09		4.547977e-10
0.68438		1.597866e-09		5.714295e-10
0.68545		1.556543e-09		5.391436e-10
0.68651		1.521535e-09		4.928684e-10
0.68757		1.543846e-09		4.907641e-10
0.68863		1.634430e-09		5.391741e-10
0.68969		1.639053e-09		4.884144e-10
0.69075		1.563977e-09		4.970624e-10
0.69181		1.613557e-09		4.652301e-10
0.69287		1.515489e-09		5.177142e-10
0.69393		1.524977e-09		4.896257e-10
0.69499		1.550767e-09		4.802444e-10
0.69606		1.565214e-09		4.842762e-10
0.69712		1.542765e-09		4.563914e-10
0.69818		1.577548e-09		5.057517e-10
0.69924		1.564508e-09		4.879656e-10
0.70030		1.567429e-09		4.824096e-10
0.70136		1.486611e-09		4.655825e-10
0.70242		1.539311e-09		4.733188e-10
0.70348		1.456730e-09		4.467603e-10
0.70454		1.562336e-09		4.510958e-10
0.70561		1.546692e-09		4.483077e-10
0.70667		1.536139e-09		5.093430e-10
0.70773		1.533005e-09		4.471653e-10
0.70879		1.563164e-09		4.838186e-10
0.70985		1.516310e-09		4.563335e-10
0.71091		1.431610e-09		5.019507e-10
0.71197		1.526566e-09		4.696693e-10
0.71303		1.525231e-09		4.628131e-10
0.71409		1.428444e-09		5.191067e-10
0.71516		1.492768e-09		4.308755e-10
0.71622		1.470989e-09		4.492315e-10
0.71728		1.498135e-09		4.610365e-10
0.71834		1.511363e-09		4.726394e-10
0.71940		1.409092e-09		4.440412e-10
0.72046		1.392088e-09		4.794518e-10
0.72152		1.483814e-09		5.025130e-10
0.72258		1.473604e-09		4.694427e-10
0.72364		1.399298e-09		4.287366e-10
0.72470		1.395068e-09		4.498162e-10
0.72577		1.432002e-09		5.079555e-10
0.72683		1.431442e-09		4.460720e-10
0.72789		1.447658e-09		4.240512e-10
0.72895		1.430971e-09		4.290240e-10
0.73001		1.414128e-09		4.393289e-10
0.73107		1.402689e-09		4.329884e-10
0.73213		1.402425e-09		4.274436e-10
0.73319		1.338617e-09		4.353392e-10
0.73425		1.366114e-09		4.519253e-10
0.73532		1.391954e-09		4.743759e-10
0.73638		1.351843e-09		4.910680e-10
0.73744		1.275793e-09		4.358783e-10
0.73850		1.412164e-09		4.293286e-10
0.73956		1.358937e-09		4.561481e-10
0.74062		1.446986e-09		3.928278e-10
0.74168		1.396629e-09		4.302634e-10
0.74274		1.373057e-09		4.073468e-10
0.74380		1.316107e-09		3.899611e-10
0.74486		1.364335e-09		4.338752e-10
0.74593		1.334902e-09		4.191508e-10
0.74699		1.365667e-09		4.619210e-10
0.74805		1.350858e-09		4.001535e-10
0.74911		1.321366e-09		4.156059e-10
0.75017		1.326501e-09		3.978219e-10
0.75123		1.227047e-09		4.032622e-10
0.75229		1.321615e-09		4.109482e-10
0.75335		1.303188e-09		4.171087e-10
0.75441		1.410398e-09		3.975697e-10
0.75548		1.328680e-09		3.979508e-10
0.75654		1.293881e-09		3.923821e-10
0.75760		1.223467e-09		3.825549e-10
0.75866		1.344456e-09		3.756596e-10
0.75972		1.260925e-09		3.997372e-10
0.76078		1.256446e-09		4.339813e-10
0.76184		1.259919e-09		4.083918e-10
0.76290		1.314429e-09		4.064013e-10
0.76396		1.245388e-09		3.733604e-10
0.76503		1.213931e-09		4.283166e-10
0.76609		1.254720e-09		3.751570e-10
0.76715		1.277612e-09		3.963262e-10
0.76821		1.204086e-09		4.034081e-10
0.76927		1.244687e-09		3.832914e-10
0.77033		1.228926e-09		4.062463e-10
0.77139		1.185333e-09		3.736689e-10
0.77245		1.269397e-09		3.776648e-10
0.77351		1.248651e-09		3.992993e-10
0.77457		1.214579e-09		4.024296e-10
0.77564		1.239156e-09		3.783207e-10
0.77670		1.227295e-09		4.043541e-10
0.77776		1.117235e-09		3.831016e-10
0.77882		1.085016e-09		3.728199e-10
0.77988		1.171753e-09		4.113197e-10
0.78094		1.193393e-09		3.593134e-10
0.78200		1.128550e-09		3.604562e-10
0.78306		1.211577e-09		3.615522e-10
0.78412		1.178457e-09		3.842762e-10
0.78519		1.165925e-09		3.625605e-10
0.78625		1.156128e-09		3.571531e-10
0.78731		1.116118e-09		3.613856e-10
0.78837		1.149870e-09		3.765211e-10
0.78943		1.160957e-09		3.604241e-10
0.79049		1.144503e-09		4.188201e-10
0.79155		1.106475e-09		3.562220e-10
0.79261		1.143110e-09		3.628058e-10
0.79367		1.085426e-09		3.543958e-10
0.79473		1.143948e-09		3.413312e-10
0.79580		1.130249e-09		3.770691e-10
0.79686		1.142478e-09		3.673896e-10
0.79792		1.137034e-09		3.451254e-10
0.79898		1.133991e-09		3.420270e-10
0.80004		1.018913e-09		3.561572e-10
0.80110		1.051872e-09		3.396214e-10
0.80216		1.072734e-09		3.504267e-10
0.80322		1.117488e-09		3.476417e-10
0.80428		1.102827e-09		3.421890e-10
0.80535		1.068501e-09		3.132318e-10
0.80641		1.027003e-09		3.334955e-10
0.80747		1.017968e-09		3.126337e-10
0.80853		1.069156e-09		3.289603e-10
0.80959		1.005727e-09		3.176573e-10
0.81065		1.047916e-09		3.471545e-10
0.81171		1.071913e-09		3.652086e-10
0.81277		1.052117e-09		3.305825e-10
0.81383		1.066175e-09		3.269162e-10
0.81489		1.027752e-09		2.962200e-10
0.81596		1.035100e-09		3.284937e-10
0.81702		9.759500e-10		3.295483e-10
0.81808		1.003399e-09		3.264276e-10
0.81914		9.805988e-10		3.022257e-10
0.82020		9.955844e-10		2.631908e-10
0.82126		9.689951e-10		2.966520e-10
0.82232		9.769731e-10		2.961606e-10
0.82338		9.969235e-10		3.055173e-10
0.82444		1.064580e-09		2.986927e-10
0.82551		9.540896e-10		3.045808e-10
0.82657		9.388091e-10		2.935409e-10
0.82763		9.714601e-10		3.117791e-10
0.82869		9.156079e-10		3.030557e-10
0.82975		9.481277e-10		2.937137e-10
0.83081		9.855738e-10		2.966110e-10
0.83187		9.295133e-10		3.091434e-10
0.83293		9.637397e-10		3.189351e-10
0.83399		9.442258e-10		3.119141e-10
0.83506		9.223546e-10		3.041216e-10
0.83612		9.224922e-10		2.911543e-10
0.83718		9.371720e-10		2.831361e-10
0.83824		9.074065e-10		2.972573e-10
0.83930		8.723529e-10		2.958716e-10
0.84036		9.116535e-10		2.721967e-10
0.84142		8.773502e-10		2.481533e-10
0.84248		9.490355e-10		2.734639e-10
0.84354		8.608591e-10		2.554062e-10
0.84460		9.047984e-10		2.786929e-10
0.84567		8.676951e-10		2.645945e-10
0.84673		9.057115e-10		2.922518e-10
0.84779		8.670563e-10		2.894456e-10
0.84885		8.674631e-10		2.772174e-10
0.84991		8.801292e-10		2.598426e-10
0.85097		8.471934e-10		2.642708e-10
0.85203		8.717155e-10		2.697645e-10
0.85309		8.236779e-10		2.714191e-10
0.85415		8.660946e-10		2.579022e-10
0.85522		8.235898e-10		2.662605e-10
0.85628		7.944003e-10		2.639150e-10
0.85734		8.078340e-10		2.530547e-10
0.85840		7.782066e-10		2.512571e-10
0.85946		8.144208e-10		2.426591e-10
0.86052		7.971893e-10		2.535480e-10
0.86158		7.669411e-10		2.572780e-10
0.86264		8.223288e-10		2.581869e-10
0.86370		7.827393e-10		2.552331e-10
0.86476		7.939702e-10		2.738181e-10
0.86583		7.632438e-10		2.656931e-10
0.86689		7.855755e-10		2.428303e-10
0.86795		7.331705e-10		2.409193e-10
0.86901		7.852691e-10		2.401536e-10
0.87007		7.602231e-10		2.603005e-10
0.87113		7.703481e-10		2.393545e-10
0.87219		7.498917e-10		2.448844e-10
0.87325		7.223291e-10		2.302312e-10
0.87431		7.188799e-10		2.361750e-10
0.87538		7.316584e-10		2.240403e-10
0.87644		7.139246e-10		2.331414e-10
0.87750		7.654962e-10		2.072895e-10
0.87856		7.066443e-10		2.232504e-10
0.87962		7.191029e-10		2.094397e-10
0.88068		7.107515e-10		2.321672e-10
0.88174		6.840488e-10		2.254502e-10
0.88280		6.792971e-10		2.187887e-10
0.88386		6.720332e-10		2.226027e-10
0.88492		6.694666e-10		2.143660e-10
0.88599		6.945883e-10		2.152715e-10
0.88705		7.258314e-10		2.186880e-10
0.88811		7.030248e-10		1.981500e-10
0.88917		6.585542e-10		2.089006e-10
0.89023		6.726103e-10		2.054306e-10
0.89129		6.716263e-10		1.882148e-10
0.89235		6.628553e-10		2.215331e-10
0.89341		6.522011e-10		2.171900e-10
0.89447		6.174232e-10		2.025668e-10
0.89554		6.406783e-10		2.063865e-10
0.89660		6.049754e-10		1.899648e-10
0.89766		6.539384e-10		1.816966e-10
0.89872		6.303905e-10		1.873490e-10
0.89978		6.374700e-10		1.892957e-10
0.90084		6.040545e-10		1.831656e-10
0.90190		5.960382e-10		1.910005e-10
0.90296		5.953464e-10		1.794195e-10
0.90402		5.582692e-10		1.933358e-10
0.90509		5.911051e-10		1.947168e-10
0.90615		5.812385e-10		1.869124e-10
0.90721		6.423750e-10		1.693139e-10
0.90827		5.765549e-10		1.812452e-10
0.90933		5.695357e-10		1.847039e-10
0.91039		5.599665e-10		1.776155e-10
0.91145		5.468402e-10		1.712282e-10
0.91251		5.390410e-10		1.716916e-10
0.91357		5.500724e-10		1.788577e-10
0.91463		5.710671e-10		1.638472e-10
0.91570		5.493741e-10		1.754977e-10
0.91676		5.472546e-10		1.601023e-10
0.91782		5.300093e-10		1.746062e-10
0.91888		5.107598e-10		1.808342e-10
0.91994		5.538197e-10		1.553601e-10
0.92100		5.037079e-10		1.705016e-10
0.92206		4.938711e-10		1.469661e-10
0.92312		4.805440e-10		1.365293e-10
0.92418		4.849802e-10		1.501888e-10
0.92525		5.003043e-10		1.465090e-10
0.92631		4.906791e-10		1.558763e-10
0.92737		4.920480e-10		1.444202e-10
0.92843		4.678174e-10		1.437769e-10
0.92949		4.713312e-10		1.575698e-10
0.93055		4.795126e-10		1.464864e-10
0.93161		4.578690e-10		1.412824e-10
0.93267		4.600602e-10		1.501416e-10
0.93373		4.599867e-10		1.388008e-10
0.93479		4.435221e-10		1.426717e-10
0.93586		4.499067e-10		1.319317e-10
0.93692		4.225738e-10		1.270806e-10
0.93798		4.442632e-10		1.339004e-10
0.93904		4.340846e-10		1.471327e-10
0.94010		4.054184e-10		1.267971e-10
0.94116		4.198041e-10		1.339477e-10
0.94222		4.097517e-10		1.248986e-10
0.94328		4.033554e-10		1.237510e-10
0.94434		3.906232e-10		1.297749e-10
0.94541		3.888595e-10		1.323646e-10
0.94647		3.851640e-10		1.228402e-10
0.94753		3.828557e-10		1.146369e-10
0.94859		3.989265e-10		1.183113e-10
0.94965		3.842154e-10		1.184923e-10
0.95071		3.679587e-10		1.202064e-10
0.95177		3.712414e-10		1.223830e-10
0.95283		3.374295e-10		1.178021e-10
0.95389		3.570398e-10		1.085453e-10
0.95495		3.385964e-10		1.024139e-10
0.95602		3.442931e-10		1.095344e-10
0.95708		3.474497e-10		9.913339e-11
0.95814		3.584883e-10		1.077395e-10
0.95920		3.332910e-10		9.719593e-11
0.96026		3.119599e-10		1.035504e-10
0.96132		3.230490e-10		1.034695e-10
0.96238		2.817136e-10		1.019211e-10
0.96344		3.048475e-10		9.725850e-11
0.96450		2.952417e-10		9.340594e-11
0.96557		3.054071e-10		9.657573e-11
0.96663		2.833661e-10		8.874196e-11
0.96769		2.971417e-10		8.444854e-11
0.96875		2.760199e-10		9.049556e-11
0.96981		2.595428e-10		8.920155e-11
0.97087		2.448821e-10		7.046357e-11
0.97193		2.610997e-10		8.069795e-11
0.97299		2.471317e-10		8.048491e-11
0.97405		2.537161e-10		8.153943e-11
0.97512		2.454988e-10		8.472564e-11
0.97618		2.502759e-10		7.957571e-11
0.97724		2.205728e-10		7.809927e-11
0.97830		2.299040e-10		6.924071e-11
0.97936		2.256183e-10		6.694964e-11
0.98042		2.186958e-10		7.180114e-11
0.98148		2.287755e-10		7.311804e-11
0.98254		2.172751e-10		6.363941e-11
0.98360		2.006373e-10		6.588740e-11
0.98466		1.996593e-10		5.966105e-11
0.98573		1.934589e-10		5.604329e-11
0.98679		1.855159e-10		6.233739e-11
0.98785		1.837907e-10		5.916433e-11
0.98891		1.750235e-10		5.312318e-11
0.98997		1.648077e-10		5.792826e-11
0.99103		1.685814e-10		5.485199e-11
0.99209		1.719402e-10		4.642774e-11
0.99315		1.587940e-10		5.211772e-11
0.99421		1.498187e-10		4.727210e-11
0.99528		1.393716e-10		5.136313e-11
0.99634		1.454637e-10		4.341295e-11
0.99740		1.356799e-10		3.997730e-11
0.99846		1.394532e-10		3.704965e-11
0.99952		1.248460e-10		4.319588e-11
1.00058		1.195554e-10		3.654746e-11
1.00164		1.168125e-10		3.387607e-11
1.00270		1.095077e-10		3.465732e-11
1.00376		1.053011e-10		3.558325e-11
1.00482		1.006190e-10		3.220637e-11
1.00589		9.566811e-11		3.336120e-11
1.00695		8.462466e-11		2.951995e-11
1.00801		8.182269e-11		2.783010e-11
1.00907		7.900698e-11		2.326373e-11
1.01013		7.352964e-11		2.435071e-11
1.01119		6.281974e-11		2.150554e-11
1.01225		6.300132e-11		2.075506e-11
1.01331		5.822668e-11		1.964028e-11
1.01437		5.160999e-11		2.053061e-11
1.01544		4.966937e-11		1.649366e-11
1.01650		4.156042e-11		1.314046e-11
1.01756		3.286917e-11		1.400670e-11
1.01862		3.093706e-11		1.196532e-11
1.01968		2.649238e-11		1.018335e-11
1.02074		1.934618e-11		1.018089e-11
1.02180		1.545207e-11		8.646468e-12
1.02286		8.602380e-12		8.012514e-12
1.02392		4.207938e-12		6.976874e-12
1.02498		7.361220e-13		6.717853e-12
1.02605		-3.795347e-13		7.277400e-12
1.02711		-1.747639e-13		6.940172e-12
1.02817		8.729977e-13		7.313244e-12
1.02923		-1.961463e-13		7.336844e-12
1.03029		-4.254451e-13		7.316575e-12
1.03135		-5.894412e-13		7.293851e-12
1.03241		1.243356e-12		6.720853e-12
1.03347		-3.203299e-13		7.259911e-12
1.03453		-1.094968e-12		7.310869e-12
1.03560		-3.082499e-13		6.463137e-12
1.03666		1.139357e-12		6.750900e-12
1.03772		-2.699643e-13		7.762803e-12
1.03878		-2.359142e-13		7.004156e-12
1.03984		-2.515939e-12		7.119778e-12
1.04090		-8.783971e-14		6.971267e-12
1.04196		1.323602e-12		6.447413e-12
1.04302		-4.188800e-13		7.667213e-12
1.04408		8.166351e-13		6.693994e-12
1.04515		-3.627702e-13		7.235522e-12
1.04621		9.393953e-13		7.359422e-12
1.04727		4.635922e-13		7.118539e-12
1.04833		1.018055e-13		7.291981e-12
1.04939		-1.851456e-13		7.921229e-12
1.05045		-2.136749e-13		6.905205e-12
1.05151		-1.023815e-12		7.950043e-12
1.05257		3.521401e-13		6.509855e-12
1.05363		2.511999e-13		7.356369e-12
1.05469		-9.301292e-14		7.673546e-12
1.05576		4.647334e-13		6.120920e-12
1.05682		-3.074103e-14		7.402012e-12
1.05788		-1.109518e-12		6.818639e-12
1.05894		2.869044e-13		6.734038e-12
1.06000		-1.896569e-13		7.055326e-12

Total data points: 1000
