PHOTOELECTRIC EFFECT LAB - RAW DATA
Date: 2026-04-06 17:44:06
Portland State University Physics Dept.
Photocathode: Material #1
Work Function: 4.3700 eV
Wavelength: 1900 Angstroms
Frequency: 1.577855e+15 Hz
============================================================

Raw Current Data:
----------------------------------------
V_r (V)		I_total (A)		sigma_I (A)
0.00000		5.549695e-10		1.749169e-10
0.00227		5.030840e-10		1.679210e-10
0.00454		5.161873e-10		1.600798e-10
0.00682		5.242759e-10		1.645390e-10
0.00909		5.225154e-10		1.571838e-10
0.01136		5.602461e-10		1.661897e-10
0.01363		5.398325e-10		1.719423e-10
0.01591		5.279061e-10		1.660908e-10
0.01818		5.495081e-10		1.753349e-10
0.02045		5.197434e-10		1.714187e-10
0.02272		4.978734e-10		1.624917e-10
0.02499		5.314239e-10		1.617900e-10
0.02727		5.238091e-10		1.733165e-10
0.02954		5.078262e-10		1.588272e-10
0.03181		5.128947e-10		1.508149e-10
0.03408		5.306369e-10		1.501266e-10
0.03636		5.321734e-10		1.682804e-10
0.03863		5.180658e-10		1.807393e-10
0.04090		5.245618e-10		1.665621e-10
0.04317		4.918087e-10		1.633055e-10
0.04545		5.364361e-10		1.672411e-10
0.04772		5.423940e-10		1.590309e-10
0.04999		5.453237e-10		1.468502e-10
0.05226		5.279223e-10		1.640179e-10
0.05453		5.085814e-10		1.649404e-10
0.05681		5.510036e-10		1.760542e-10
0.05908		5.353932e-10		1.665932e-10
0.06135		5.066422e-10		1.600043e-10
0.06362		4.834800e-10		1.756761e-10
0.06590		5.075348e-10		1.728842e-10
0.06817		5.277736e-10		1.616913e-10
0.07044		5.178548e-10		1.884940e-10
0.07271		5.325237e-10		1.710586e-10
0.07498		5.228209e-10		1.852525e-10
0.07726		5.375994e-10		1.777417e-10
0.07953		5.028657e-10		1.685551e-10
0.08180		5.235720e-10		1.617222e-10
0.08407		5.388999e-10		1.638423e-10
0.08635		5.242870e-10		1.672639e-10
0.08862		5.426685e-10		1.580874e-10
0.09089		5.392437e-10		1.730865e-10
0.09316		5.294417e-10		1.835766e-10
0.09544		5.380874e-10		1.636196e-10
0.09771		5.172605e-10		1.806876e-10
0.09998		5.474249e-10		1.562371e-10
0.10225		5.203563e-10		1.735015e-10
0.10452		5.234431e-10		1.609802e-10
0.10680		5.308831e-10		1.626463e-10
0.10907		5.163200e-10		1.712485e-10
0.11134		5.437181e-10		1.774198e-10
0.11361		5.353462e-10		1.684389e-10
0.11589		5.245203e-10		1.633283e-10
0.11816		5.307305e-10		1.657776e-10
0.12043		5.371084e-10		1.795365e-10
0.12270		5.020347e-10		1.665383e-10
0.12497		5.340673e-10		1.669793e-10
0.12725		5.130604e-10		1.706095e-10
0.12952		5.314056e-10		1.570938e-10
0.13179		5.721308e-10		1.669262e-10
0.13406		5.424431e-10		1.689415e-10
0.13634		5.151994e-10		1.672300e-10
0.13861		5.115225e-10		1.500371e-10
0.14088		5.017082e-10		1.502051e-10
0.14315		5.184448e-10		1.878342e-10
0.14543		5.138477e-10		1.645149e-10
0.14770		5.226841e-10		1.462018e-10
0.14997		4.986443e-10		1.795901e-10
0.15224		5.247088e-10		1.527414e-10
0.15451		5.306972e-10		1.648113e-10
0.15679		5.245817e-10		1.658564e-10
0.15906		5.136140e-10		1.696045e-10
0.16133		5.165276e-10		1.547114e-10
0.16360		5.027389e-10		1.648850e-10
0.16588		5.214435e-10		1.650313e-10
0.16815		5.216002e-10		1.687930e-10
0.17042		5.075842e-10		1.740194e-10
0.17269		4.943116e-10		1.594775e-10
0.17496		5.462456e-10		1.604379e-10
0.17724		5.368848e-10		1.603605e-10
0.17951		5.303528e-10		1.569454e-10
0.18178		4.924451e-10		1.643344e-10
0.18405		5.532777e-10		1.691702e-10
0.18633		5.243294e-10		1.610934e-10
0.18860		5.264069e-10		1.682345e-10
0.19087		5.122709e-10		1.560940e-10
0.19314		5.243340e-10		1.711741e-10
0.19542		5.062283e-10		1.724508e-10
0.19769		5.076179e-10		1.455448e-10
0.19996		5.375265e-10		1.591028e-10
0.20223		5.352998e-10		1.638208e-10
0.20450		5.055374e-10		1.705192e-10
0.20678		5.164717e-10		1.772656e-10
0.20905		5.407741e-10		1.691301e-10
0.21132		5.186897e-10		1.757028e-10
0.21359		5.153724e-10		1.580761e-10
0.21587		5.190662e-10		1.831678e-10
0.21814		5.215545e-10		1.670753e-10
0.22041		5.256918e-10		1.605174e-10
0.22268		5.139415e-10		1.701477e-10
0.22495		5.073974e-10		1.716268e-10
0.22723		5.253698e-10		1.659872e-10
0.22950		5.214754e-10		1.589587e-10
0.23177		5.272654e-10		1.657429e-10
0.23404		5.195511e-10		1.640747e-10
0.23632		5.379925e-10		1.600612e-10
0.23859		5.415196e-10		1.641738e-10
0.24086		5.304067e-10		1.598956e-10
0.24313		5.317946e-10		1.611638e-10
0.24541		5.290572e-10		1.556708e-10
0.24768		5.058850e-10		1.637831e-10
0.24995		5.035894e-10		1.761607e-10
0.25222		5.265136e-10		1.670750e-10
0.25449		5.343824e-10		1.829230e-10
0.25677		5.175898e-10		1.615057e-10
0.25904		5.210750e-10		1.776049e-10
0.26131		5.070398e-10		1.756399e-10
0.26358		5.100329e-10		1.586503e-10
0.26586		5.040177e-10		1.633802e-10
0.26813		5.302592e-10		1.706136e-10
0.27040		5.304882e-10		1.654570e-10
0.27267		5.089845e-10		1.735812e-10
0.27494		5.215299e-10		1.732776e-10
0.27722		5.170940e-10		1.720126e-10
0.27949		5.162508e-10		1.620864e-10
0.28176		4.991739e-10		1.735719e-10
0.28403		5.258792e-10		1.616043e-10
0.28631		5.196049e-10		1.430682e-10
0.28858		5.284941e-10		1.750394e-10
0.29085		5.174927e-10		1.611668e-10
0.29312		5.102899e-10		1.600225e-10
0.29540		5.190359e-10		1.720443e-10
0.29767		5.162815e-10		1.478591e-10
0.29994		5.138536e-10		1.601926e-10
0.30221		5.098424e-10		1.645637e-10
0.30448		5.039029e-10		1.654638e-10
0.30676		5.297167e-10		1.525089e-10
0.30903		4.998701e-10		1.495202e-10
0.31130		5.111102e-10		1.572400e-10
0.31357		4.963656e-10		1.663895e-10
0.31585		5.492490e-10		1.552827e-10
0.31812		5.123466e-10		1.586489e-10
0.32039		4.938425e-10		1.712830e-10
0.32266		5.332700e-10		1.634306e-10
0.32493		5.070976e-10		1.766543e-10
0.32721		5.146096e-10		1.611743e-10
0.32948		4.892110e-10		1.697781e-10
0.33175		5.123631e-10		1.591077e-10
0.33402		5.360705e-10		1.599132e-10
0.33630		5.253975e-10		1.610208e-10
0.33857		4.923605e-10		1.535023e-10
0.34084		5.278122e-10		1.530836e-10
0.34311		5.210201e-10		1.435064e-10
0.34539		4.836002e-10		1.639315e-10
0.34766		5.053391e-10		1.622930e-10
0.34993		4.880710e-10		1.530305e-10
0.35220		5.197564e-10		1.528275e-10
0.35447		4.984336e-10		1.700150e-10
0.35675		5.026176e-10		1.715967e-10
0.35902		5.018258e-10		1.684284e-10
0.36129		5.184547e-10		1.658922e-10
0.36356		5.277155e-10		1.731155e-10
0.36584		5.210676e-10		1.684070e-10
0.36811		5.138496e-10		1.452234e-10
0.37038		5.019401e-10		1.688208e-10
0.37265		5.135503e-10		1.806250e-10
0.37492		4.947231e-10		1.636843e-10
0.37720		5.096390e-10		1.532893e-10
0.37947		5.223339e-10		1.572409e-10
0.38174		4.804694e-10		1.711447e-10
0.38401		5.069790e-10		1.489460e-10
0.38629		4.970474e-10		1.578987e-10
0.38856		5.141779e-10		1.697942e-10
0.39083		4.718927e-10		1.640103e-10
0.39310		4.858365e-10		1.587381e-10
0.39538		5.153506e-10		1.682800e-10
0.39765		5.167095e-10		1.579077e-10
0.39992		4.870475e-10		1.582024e-10
0.40219		4.897728e-10		1.736606e-10
0.40446		4.954355e-10		1.704542e-10
0.40674		4.943478e-10		1.600928e-10
0.40901		4.712786e-10		1.591200e-10
0.41128		5.425720e-10		1.605070e-10
0.41355		5.037629e-10		1.764083e-10
0.41583		5.265335e-10		1.547394e-10
0.41810		4.930124e-10		1.520315e-10
0.42037		4.955002e-10		1.527406e-10
0.42264		5.141243e-10		1.627156e-10
0.42491		5.072965e-10		1.625328e-10
0.42719		5.287288e-10		1.493076e-10
0.42946		4.787135e-10		1.455783e-10
0.43173		4.870157e-10		1.662739e-10
0.43400		5.413639e-10		1.659627e-10
0.43628		4.701263e-10		1.564899e-10
0.43855		5.099754e-10		1.562106e-10
0.44082		4.940985e-10		1.651456e-10
0.44309		4.921639e-10		1.732892e-10
0.44537		5.116804e-10		1.531757e-10
0.44764		5.134696e-10		1.488399e-10
0.44991		4.941945e-10		1.610580e-10
0.45218		5.141985e-10		1.632492e-10
0.45445		4.996037e-10		1.746196e-10
0.45673		4.979306e-10		1.545782e-10
0.45900		4.995099e-10		1.587121e-10
0.46127		4.785583e-10		1.611474e-10
0.46354		4.658188e-10		1.571859e-10
0.46582		4.850112e-10		1.610108e-10
0.46809		5.068971e-10		1.638715e-10
0.47036		4.903949e-10		1.571114e-10
0.47263		5.105857e-10		1.627780e-10
0.47490		5.035222e-10		1.495625e-10
0.47718		4.908677e-10		1.571949e-10
0.47945		4.749922e-10		1.418187e-10
0.48172		4.954361e-10		1.537384e-10
0.48399		4.930214e-10		1.540110e-10
0.48627		4.936090e-10		1.492428e-10
0.48854		4.994732e-10		1.486042e-10
0.49081		4.729352e-10		1.600174e-10
0.49308		4.855839e-10		1.587943e-10
0.49536		5.110348e-10		1.492499e-10
0.49763		4.951028e-10		1.742570e-10
0.49990		4.840471e-10		1.551794e-10
0.50217		5.179626e-10		1.488505e-10
0.50444		4.993268e-10		1.428991e-10
0.50672		4.751519e-10		1.577142e-10
0.50899		5.063195e-10		1.641083e-10
0.51126		4.878140e-10		1.297950e-10
0.51353		4.407498e-10		1.506717e-10
0.51581		4.958652e-10		1.577757e-10
0.51808		5.091186e-10		1.593096e-10
0.52035		4.937647e-10		1.392767e-10
0.52262		4.987533e-10		1.663964e-10
0.52489		4.845733e-10		1.469341e-10
0.52717		5.076202e-10		1.603467e-10
0.52944		4.935309e-10		1.651551e-10
0.53171		4.678809e-10		1.518160e-10
0.53398		4.880212e-10		1.492388e-10
0.53626		4.988414e-10		1.434627e-10
0.53853		4.679398e-10		1.549223e-10
0.54080		4.933058e-10		1.509085e-10
0.54307		5.050375e-10		1.519690e-10
0.54535		4.900425e-10		1.575775e-10
0.54762		4.957349e-10		1.482692e-10
0.54989		5.001045e-10		1.439859e-10
0.55216		5.083075e-10		1.626205e-10
0.55443		4.746436e-10		1.502697e-10
0.55671		4.728412e-10		1.637444e-10
0.55898		4.592114e-10		1.440308e-10
0.56125		4.818040e-10		1.533292e-10
0.56352		4.795666e-10		1.438173e-10
0.56580		4.465183e-10		1.516816e-10
0.56807		4.877709e-10		1.562281e-10
0.57034		4.912890e-10		1.482742e-10
0.57261		4.881048e-10		1.552338e-10
0.57488		4.808293e-10		1.519049e-10
0.57716		4.654646e-10		1.658234e-10
0.57943		5.046678e-10		1.467693e-10
0.58170		4.784437e-10		1.500090e-10
0.58397		4.451333e-10		1.548274e-10
0.58625		4.906649e-10		1.359775e-10
0.58852		4.934229e-10		1.405856e-10
0.59079		4.762688e-10		1.328424e-10
0.59306		5.037641e-10		1.410125e-10
0.59534		4.674216e-10		1.506521e-10
0.59761		4.958212e-10		1.556659e-10
0.59988		4.843385e-10		1.529515e-10
0.60215		4.819042e-10		1.579891e-10
0.60442		4.618165e-10		1.339705e-10
0.60670		4.669337e-10		1.534062e-10
0.60897		4.644270e-10		1.610584e-10
0.61124		4.858630e-10		1.517658e-10
0.61351		4.839295e-10		1.633796e-10
0.61579		4.897494e-10		1.474071e-10
0.61806		4.861881e-10		1.653963e-10
0.62033		4.867016e-10		1.406767e-10
0.62260		4.543185e-10		1.315658e-10
0.62487		5.028972e-10		1.369173e-10
0.62715		4.921383e-10		1.496049e-10
0.62942		4.808535e-10		1.513254e-10
0.63169		4.910748e-10		1.481576e-10
0.63396		4.856946e-10		1.420804e-10
0.63624		4.686325e-10		1.635169e-10
0.63851		4.518728e-10		1.468060e-10
0.64078		4.822846e-10		1.362482e-10
0.64305		4.704271e-10		1.537394e-10
0.64533		4.754190e-10		1.498238e-10
0.64760		4.524721e-10		1.474106e-10
0.64987		4.488890e-10		1.453778e-10
0.65214		4.386190e-10		1.543543e-10
0.65441		4.462837e-10		1.498031e-10
0.65669		4.476762e-10		1.471245e-10
0.65896		4.760259e-10		1.408016e-10
0.66123		4.935712e-10		1.463033e-10
0.66350		4.520807e-10		1.432878e-10
0.66578		4.662887e-10		1.563745e-10
0.66805		4.811799e-10		1.482152e-10
0.67032		4.477939e-10		1.471212e-10
0.67259		4.698770e-10		1.461258e-10
0.67486		4.755650e-10		1.520652e-10
0.67714		4.756159e-10		1.395421e-10
0.67941		4.664068e-10		1.551243e-10
0.68168		4.648317e-10		1.534211e-10
0.68395		4.764018e-10		1.489204e-10
0.68623		4.908507e-10		1.545471e-10
0.68850		4.760086e-10		1.519276e-10
0.69077		4.640979e-10		1.500187e-10
0.69304		4.311720e-10		1.550434e-10
0.69532		4.635189e-10		1.372400e-10
0.69759		4.602869e-10		1.505241e-10
0.69986		4.583000e-10		1.320563e-10
0.70213		4.633501e-10		1.527914e-10
0.70440		4.595329e-10		1.447938e-10
0.70668		4.780902e-10		1.408662e-10
0.70895		4.664327e-10		1.481728e-10
0.71122		4.665939e-10		1.480462e-10
0.71349		4.509909e-10		1.507466e-10
0.71577		4.636191e-10		1.398664e-10
0.71804		4.406910e-10		1.438528e-10
0.72031		4.637903e-10		1.390566e-10
0.72258		4.503121e-10		1.410232e-10
0.72485		4.592642e-10		1.408959e-10
0.72713		4.820184e-10		1.305258e-10
0.72940		4.593147e-10		1.327543e-10
0.73167		4.616614e-10		1.586625e-10
0.73394		4.465606e-10		1.484413e-10
0.73622		4.382744e-10		1.393661e-10
0.73849		4.734527e-10		1.403021e-10
0.74076		4.603001e-10		1.356712e-10
0.74303		4.499257e-10		1.492545e-10
0.74531		4.248610e-10		1.503726e-10
0.74758		4.408601e-10		1.419439e-10
0.74985		4.410320e-10		1.359455e-10
0.75212		4.645117e-10		1.348659e-10
0.75439		4.404162e-10		1.345413e-10
0.75667		4.341326e-10		1.436220e-10
0.75894		4.382252e-10		1.484243e-10
0.76121		4.398161e-10		1.477892e-10
0.76348		4.767646e-10		1.297909e-10
0.76576		4.312729e-10		1.419438e-10
0.76803		4.396356e-10		1.398579e-10
0.77030		4.530965e-10		1.426926e-10
0.77257		4.486590e-10		1.415679e-10
0.77484		4.082263e-10		1.379655e-10
0.77712		4.277497e-10		1.453167e-10
0.77939		4.302958e-10		1.346837e-10
0.78166		4.495436e-10		1.424104e-10
0.78393		4.261302e-10		1.392591e-10
0.78621		4.586225e-10		1.372254e-10
0.78848		4.496798e-10		1.465525e-10
0.79075		4.409186e-10		1.350617e-10
0.79302		4.436007e-10		1.378640e-10
0.79530		4.456536e-10		1.404648e-10
0.79757		4.270348e-10		1.414584e-10
0.79984		4.413571e-10		1.346663e-10
0.80211		4.332130e-10		1.406760e-10
0.80438		4.595667e-10		1.318187e-10
0.80666		4.344232e-10		1.313192e-10
0.80893		4.232444e-10		1.407931e-10
0.81120		4.409265e-10		1.521518e-10
0.81347		4.307989e-10		1.480414e-10
0.81575		4.610352e-10		1.398442e-10
0.81802		4.208145e-10		1.432667e-10
0.82029		4.351409e-10		1.364034e-10
0.82256		4.447168e-10		1.394752e-10
0.82483		4.198230e-10		1.369821e-10
0.82711		4.494932e-10		1.211612e-10
0.82938		4.258933e-10		1.300618e-10
0.83165		4.344400e-10		1.386420e-10
0.83392		4.326620e-10		1.280099e-10
0.83620		4.308337e-10		1.423236e-10
0.83847		4.163465e-10		1.309614e-10
0.84074		4.381593e-10		1.368310e-10
0.84301		4.520269e-10		1.440056e-10
0.84529		4.503735e-10		1.312784e-10
0.84756		4.446195e-10		1.559227e-10
0.84983		4.641910e-10		1.349374e-10
0.85210		4.319170e-10		1.335279e-10
0.85437		4.397318e-10		1.530056e-10
0.85665		4.324886e-10		1.209493e-10
0.85892		4.321678e-10		1.390762e-10
0.86119		4.408710e-10		1.345425e-10
0.86346		4.106919e-10		1.410951e-10
0.86574		4.507894e-10		1.313244e-10
0.86801		4.161619e-10		1.443750e-10
0.87028		4.132963e-10		1.315910e-10
0.87255		4.043069e-10		1.408135e-10
0.87482		3.990187e-10		1.261256e-10
0.87710		4.250997e-10		1.231836e-10
0.87937		4.349737e-10		1.249866e-10
0.88164		4.311148e-10		1.241951e-10
0.88391		4.189938e-10		1.298314e-10
0.88619		4.124511e-10		1.366943e-10
0.88846		4.289050e-10		1.453784e-10
0.89073		4.194781e-10		1.216381e-10
0.89300		4.312353e-10		1.392183e-10
0.89528		4.122430e-10		1.340430e-10
0.89755		4.221573e-10		1.318077e-10
0.89982		4.006782e-10		1.303151e-10
0.90209		3.996908e-10		1.309996e-10
0.90436		4.102278e-10		1.443523e-10
0.90664		4.083068e-10		1.349807e-10
0.90891		4.213287e-10		1.489416e-10
0.91118		3.957452e-10		1.293504e-10
0.91345		4.176005e-10		1.335234e-10
0.91573		4.340165e-10		1.259785e-10
0.91800		4.269224e-10		1.422513e-10
0.92027		4.128359e-10		1.306649e-10
0.92254		4.142467e-10		1.428028e-10
0.92481		4.248843e-10		1.255420e-10
0.92709		4.244911e-10		1.294542e-10
0.92936		3.941852e-10		1.359507e-10
0.93163		4.392059e-10		1.298185e-10
0.93390		4.070770e-10		1.264230e-10
0.93618		3.973396e-10		1.209080e-10
0.93845		3.992070e-10		1.239879e-10
0.94072		4.240389e-10		1.233670e-10
0.94299		4.167556e-10		1.309169e-10
0.94527		4.063165e-10		1.350977e-10
0.94754		4.243791e-10		1.147065e-10
0.94981		4.263689e-10		1.184582e-10
0.95208		3.908097e-10		1.218861e-10
0.95435		4.048163e-10		1.393911e-10
0.95663		3.929969e-10		1.295317e-10
0.95890		4.036713e-10		1.277180e-10
0.96117		4.099397e-10		1.211609e-10
0.96344		4.145912e-10		1.347062e-10
0.96572		4.163437e-10		1.219717e-10
0.96799		4.241062e-10		1.230807e-10
0.97026		4.003828e-10		1.278185e-10
0.97253		4.146746e-10		1.202587e-10
0.97480		3.933016e-10		1.162527e-10
0.97708		3.919186e-10		1.277881e-10
0.97935		3.988233e-10		1.168761e-10
0.98162		4.006006e-10		1.221238e-10
0.98389		4.170221e-10		1.222371e-10
0.98617		4.142800e-10		1.230148e-10
0.98844		3.650971e-10		1.264855e-10
0.99071		3.824423e-10		1.224325e-10
0.99298		3.938379e-10		1.234175e-10
0.99526		4.016031e-10		1.335936e-10
0.99753		3.673286e-10		1.147710e-10
0.99980		3.839809e-10		1.239031e-10
1.00207		4.038814e-10		1.306325e-10
1.00434		3.853027e-10		1.259599e-10
1.00662		3.923681e-10		1.266425e-10
1.00889		3.784657e-10		1.287908e-10
1.01116		3.797751e-10		1.213930e-10
1.01343		3.942401e-10		1.199295e-10
1.01571		3.914180e-10		1.282073e-10
1.01798		4.049006e-10		1.173458e-10
1.02025		3.862310e-10		1.171088e-10
1.02252		4.003330e-10		1.137926e-10
1.02479		3.941606e-10		1.284297e-10
1.02707		4.045543e-10		1.348307e-10
1.02934		3.763279e-10		1.199843e-10
1.03161		3.921976e-10		1.199897e-10
1.03388		3.557881e-10		1.322288e-10
1.03616		3.902948e-10		1.227317e-10
1.03843		3.965651e-10		1.257990e-10
1.04070		3.887726e-10		1.238938e-10
1.04297		3.832064e-10		1.279182e-10
1.04525		4.070675e-10		1.040676e-10
1.04752		3.730214e-10		1.201454e-10
1.04979		3.794286e-10		1.249291e-10
1.05206		3.886312e-10		1.245389e-10
1.05433		3.895275e-10		1.155657e-10
1.05661		3.923397e-10		1.199171e-10
1.05888		3.860224e-10		1.226903e-10
1.06115		3.751522e-10		1.213662e-10
1.06342		3.603435e-10		1.256481e-10
1.06570		3.734067e-10		1.255584e-10
1.06797		3.630129e-10		1.261575e-10
1.07024		3.736507e-10		1.225355e-10
1.07251		3.681865e-10		1.070117e-10
1.07478		3.587940e-10		1.246694e-10
1.07706		3.605098e-10		1.320313e-10
1.07933		3.578943e-10		1.173553e-10
1.08160		3.551983e-10		1.172020e-10
1.08387		3.871617e-10		1.056428e-10
1.08615		3.541057e-10		1.245338e-10
1.08842		3.700874e-10		1.064701e-10
1.09069		3.571685e-10		1.174264e-10
1.09296		3.570795e-10		1.222392e-10
1.09524		3.634173e-10		1.125147e-10
1.09751		3.561383e-10		1.104303e-10
1.09978		3.795300e-10		1.170353e-10
1.10205		3.813214e-10		1.092528e-10
1.10432		3.734968e-10		1.156193e-10
1.10660		3.713792e-10		1.194962e-10
1.10887		3.487158e-10		1.158228e-10
1.11114		3.502823e-10		1.167723e-10
1.11341		3.789233e-10		1.078640e-10
1.11569		3.794770e-10		1.192805e-10
1.11796		3.644388e-10		1.135902e-10
1.12023		3.580456e-10		1.202181e-10
1.12250		3.694605e-10		1.132298e-10
1.12477		3.607765e-10		1.125874e-10
1.12705		3.518816e-10		1.199528e-10
1.12932		3.570611e-10		1.271226e-10
1.13159		3.524901e-10		1.125156e-10
1.13386		3.317900e-10		1.106597e-10
1.13614		3.643678e-10		1.159812e-10
1.13841		3.632245e-10		1.150675e-10
1.14068		3.532946e-10		1.088700e-10
1.14295		3.432552e-10		1.139266e-10
1.14523		3.588314e-10		1.019294e-10
1.14750		3.544001e-10		1.076588e-10
1.14977		3.617856e-10		1.168225e-10
1.15204		3.377295e-10		1.169523e-10
1.15431		3.496757e-10		1.175190e-10
1.15659		3.437394e-10		1.199182e-10
1.15886		3.525524e-10		1.070510e-10
1.16113		3.361878e-10		1.079406e-10
1.16340		3.682931e-10		1.086176e-10
1.16568		3.580447e-10		1.091221e-10
1.16795		3.422873e-10		1.137978e-10
1.17022		3.561285e-10		1.011407e-10
1.17249		3.590144e-10		1.023419e-10
1.17476		3.486725e-10		1.101173e-10
1.17704		3.506571e-10		1.078890e-10
1.17931		3.438024e-10		1.133068e-10
1.18158		3.308124e-10		1.203794e-10
1.18385		3.464063e-10		1.164896e-10
1.18613		3.323033e-10		1.208512e-10
1.18840		3.632496e-10		1.054632e-10
1.19067		3.473240e-10		1.144559e-10
1.19294		3.350895e-10		1.031069e-10
1.19522		3.410433e-10		1.062776e-10
1.19749		3.434381e-10		1.040758e-10
1.19976		3.574351e-10		1.094337e-10
1.20203		3.414744e-10		1.078868e-10
1.20430		3.427634e-10		1.015935e-10
1.20658		3.487154e-10		1.179460e-10
1.20885		3.421023e-10		1.120566e-10
1.21112		3.291013e-10		1.007095e-10
1.21339		3.343985e-10		1.004125e-10
1.21567		3.345436e-10		1.151754e-10
1.21794		3.236542e-10		1.028856e-10
1.22021		3.546393e-10		1.137688e-10
1.22248		3.353345e-10		1.101960e-10
1.22475		3.257903e-10		1.067220e-10
1.22703		3.293461e-10		1.053856e-10
1.22930		3.161801e-10		1.083842e-10
1.23157		3.485012e-10		1.070095e-10
1.23384		3.375356e-10		9.585827e-11
1.23612		3.297315e-10		9.533037e-11
1.23839		3.421476e-10		1.027153e-10
1.24066		3.248910e-10		1.013435e-10
1.24293		3.406831e-10		1.076121e-10
1.24521		3.094539e-10		1.043969e-10
1.24748		3.313261e-10		1.114055e-10
1.24975		3.296437e-10		1.077226e-10
1.25202		3.064438e-10		9.699992e-11
1.25429		3.241048e-10		1.065847e-10
1.25657		3.246664e-10		1.064345e-10
1.25884		3.263388e-10		9.809252e-11
1.26111		3.259658e-10		1.022296e-10
1.26338		3.237945e-10		1.068320e-10
1.26566		3.113250e-10		1.099874e-10
1.26793		3.153292e-10		1.025163e-10
1.27020		3.132914e-10		1.038740e-10
1.27247		3.152390e-10		9.490821e-11
1.27474		3.281049e-10		1.027252e-10
1.27702		3.192680e-10		9.641100e-11
1.27929		3.245119e-10		9.551137e-11
1.28156		3.261203e-10		9.950617e-11
1.28383		3.175279e-10		1.093265e-10
1.28611		2.925040e-10		9.506098e-11
1.28838		3.230068e-10		9.267499e-11
1.29065		3.030538e-10		9.364418e-11
1.29292		3.205177e-10		1.014571e-10
1.29520		3.008725e-10		9.858516e-11
1.29747		3.234718e-10		9.879664e-11
1.29974		3.035268e-10		9.451151e-11
1.30201		3.068768e-10		9.952718e-11
1.30428		3.098663e-10		9.284897e-11
1.30656		3.031649e-10		9.995206e-11
1.30883		3.123579e-10		9.755351e-11
1.31110		3.040462e-10		9.646021e-11
1.31337		3.197768e-10		1.050170e-10
1.31565		3.151738e-10		1.019946e-10
1.31792		3.079094e-10		1.064149e-10
1.32019		3.140921e-10		9.764673e-11
1.32246		2.946802e-10		1.017894e-10
1.32473		3.226084e-10		8.903297e-11
1.32701		3.031998e-10		9.173668e-11
1.32928		2.856277e-10		9.960071e-11
1.33155		3.156141e-10		8.943939e-11
1.33382		3.047650e-10		1.006616e-10
1.33610		3.113412e-10		9.544925e-11
1.33837		2.900199e-10		1.023128e-10
1.34064		2.969377e-10		9.391050e-11
1.34291		3.029800e-10		9.281640e-11
1.34519		3.021208e-10		9.191218e-11
1.34746		2.997842e-10		8.990284e-11
1.34973		3.052147e-10		9.034572e-11
1.35200		3.029207e-10		8.652398e-11
1.35427		2.842386e-10		8.452135e-11
1.35655		2.993455e-10		8.915169e-11
1.35882		2.846074e-10		9.200413e-11
1.36109		2.908960e-10		9.771482e-11
1.36336		2.943194e-10		8.757167e-11
1.36564		2.722814e-10		8.844122e-11
1.36791		2.950047e-10		9.723421e-11
1.37018		2.764315e-10		8.666056e-11
1.37245		3.001178e-10		8.209550e-11
1.37472		2.870457e-10		9.133875e-11
1.37700		2.912106e-10		8.947088e-11
1.37927		2.800524e-10		8.327381e-11
1.38154		2.825778e-10		8.805503e-11
1.38381		2.746348e-10		8.590931e-11
1.38609		2.808727e-10		9.442130e-11
1.38836		2.729164e-10		8.980328e-11
1.39063		2.858493e-10		9.354634e-11
1.39290		2.850397e-10		9.287093e-11
1.39518		2.756902e-10		8.011991e-11
1.39745		2.647034e-10		8.674454e-11
1.39972		2.778168e-10		8.504719e-11
1.40199		2.770268e-10		8.697280e-11
1.40426		2.859556e-10		8.503047e-11
1.40654		2.637155e-10		7.936377e-11
1.40881		2.837527e-10		8.249660e-11
1.41108		2.648029e-10		8.872950e-11
1.41335		2.848735e-10		9.132813e-11
1.41563		2.688511e-10		8.566312e-11
1.41790		2.877375e-10		7.964634e-11
1.42017		2.740149e-10		8.226872e-11
1.42244		2.617752e-10		8.841383e-11
1.42471		2.780559e-10		8.216480e-11
1.42699		2.792880e-10		7.671817e-11
1.42926		2.612530e-10		8.446832e-11
1.43153		2.751201e-10		8.944414e-11
1.43380		2.723824e-10		8.576534e-11
1.43608		2.610174e-10		8.780292e-11
1.43835		2.685516e-10		8.913100e-11
1.44062		2.649313e-10		8.384858e-11
1.44289		2.635407e-10		8.227957e-11
1.44517		2.587334e-10		7.996218e-11
1.44744		2.613799e-10		8.471924e-11
1.44971		2.647992e-10		7.880977e-11
1.45198		2.730240e-10		8.422219e-11
1.45425		2.506829e-10		7.425604e-11
1.45653		2.594641e-10		7.987310e-11
1.45880		2.737418e-10		7.885929e-11
1.46107		2.595117e-10		7.841503e-11
1.46334		2.531114e-10		8.364349e-11
1.46562		2.677677e-10		7.891977e-11
1.46789		2.716426e-10		8.199478e-11
1.47016		2.590015e-10		8.133016e-11
1.47243		2.522278e-10		8.110609e-11
1.47470		2.461668e-10		7.414540e-11
1.47698		2.603293e-10		7.828615e-11
1.47925		2.472201e-10		8.468816e-11
1.48152		2.582529e-10		7.407142e-11
1.48379		2.407106e-10		7.628588e-11
1.48607		2.444834e-10		8.165276e-11
1.48834		2.425324e-10		7.274836e-11
1.49061		2.500342e-10		7.883081e-11
1.49288		2.283573e-10		7.808127e-11
1.49516		2.505471e-10		8.318659e-11
1.49743		2.405504e-10		7.891792e-11
1.49970		2.577973e-10		8.457119e-11
1.50197		2.335455e-10		7.452273e-11
1.50424		2.466601e-10		7.147322e-11
1.50652		2.438228e-10		7.825344e-11
1.50879		2.455380e-10		7.955458e-11
1.51106		2.361031e-10		7.783731e-11
1.51333		2.450326e-10		7.882796e-11
1.51561		2.384088e-10		7.555398e-11
1.51788		2.319677e-10		7.605588e-11
1.52015		2.352895e-10		7.715642e-11
1.52242		2.232558e-10		7.456288e-11
1.52469		2.287841e-10		7.337168e-11
1.52697		2.419527e-10		7.692982e-11
1.52924		2.210800e-10		7.432480e-11
1.53151		2.376300e-10		7.668872e-11
1.53378		2.318887e-10		7.473410e-11
1.53606		2.288057e-10		7.264794e-11
1.53833		2.221211e-10		7.665702e-11
1.54060		2.255223e-10		7.427734e-11
1.54287		2.275635e-10		8.058460e-11
1.54515		2.471526e-10		6.100794e-11
1.54742		2.314747e-10		7.224573e-11
1.54969		2.163367e-10		6.906070e-11
1.55196		2.306251e-10		7.569147e-11
1.55423		2.386987e-10		6.585864e-11
1.55651		2.247753e-10		7.366016e-11
1.55878		2.212626e-10		7.096365e-11
1.56105		2.282572e-10		7.574948e-11
1.56332		2.345599e-10		6.575064e-11
1.56560		2.302132e-10		7.217040e-11
1.56787		2.083102e-10		6.879251e-11
1.57014		2.222220e-10		6.417241e-11
1.57241		2.111968e-10		6.613830e-11
1.57468		2.052137e-10		6.565762e-11
1.57696		2.213782e-10		6.964045e-11
1.57923		2.225677e-10		7.100850e-11
1.58150		2.053762e-10		6.715130e-11
1.58377		2.233323e-10		5.938264e-11
1.58605		2.133914e-10		6.874066e-11
1.58832		2.142257e-10		7.128317e-11
1.59059		2.177004e-10		6.741925e-11
1.59286		2.130238e-10		6.960177e-11
1.59514		2.169228e-10		6.558455e-11
1.59741		2.119661e-10		6.302207e-11
1.59968		2.061163e-10		6.777937e-11
1.60195		2.055516e-10		6.862220e-11
1.60422		1.975990e-10		6.260189e-11
1.60650		2.069178e-10		7.024067e-11
1.60877		2.162761e-10		5.957310e-11
1.61104		2.034972e-10		6.005090e-11
1.61331		2.039067e-10		6.659287e-11
1.61559		2.003295e-10		6.505092e-11
1.61786		1.964479e-10		6.213638e-11
1.62013		2.050481e-10		6.882330e-11
1.62240		2.008988e-10		6.608467e-11
1.62467		2.016132e-10		6.218453e-11
1.62695		1.891640e-10		6.086544e-11
1.62922		1.983205e-10		5.926602e-11
1.63149		2.076327e-10		5.888951e-11
1.63376		1.941659e-10		6.346598e-11
1.63604		1.968399e-10		6.072016e-11
1.63831		1.983183e-10		6.208757e-11
1.64058		1.907688e-10		6.110290e-11
1.64285		1.991529e-10		6.171664e-11
1.64513		1.924634e-10		6.231291e-11
1.64740		1.991367e-10		5.630054e-11
1.64967		1.897719e-10		5.686071e-11
1.65194		1.966910e-10		5.867816e-11
1.65421		1.938211e-10		5.759860e-11
1.65649		1.930199e-10		6.448553e-11
1.65876		1.927977e-10		6.394994e-11
1.66103		1.920220e-10		5.978310e-11
1.66330		1.887871e-10		6.418419e-11
1.66558		1.895469e-10		5.813379e-11
1.66785		1.852504e-10		5.991905e-11
1.67012		1.930587e-10		5.429748e-11
1.67239		1.805138e-10		6.258790e-11
1.67466		1.894106e-10		5.556180e-11
1.67694		1.846588e-10		6.032220e-11
1.67921		1.802641e-10		6.069672e-11
1.68148		1.760072e-10		5.796159e-11
1.68375		1.860702e-10		5.920949e-11
1.68603		1.817116e-10		5.516401e-11
1.68830		1.783900e-10		5.218379e-11
1.69057		1.877731e-10		5.101194e-11
1.69284		1.792070e-10		5.568574e-11
1.69512		1.790604e-10		5.517701e-11
1.69739		1.669378e-10		5.234898e-11
1.69966		1.727144e-10		5.776003e-11
1.70193		1.725329e-10		5.524222e-11
1.70420		1.732716e-10		5.139435e-11
1.70648		1.727608e-10		5.165201e-11
1.70875		1.634362e-10		5.339294e-11
1.71102		1.624394e-10		5.494342e-11
1.71329		1.647667e-10		5.715948e-11
1.71557		1.637320e-10		5.428145e-11
1.71784		1.691439e-10		5.646808e-11
1.72011		1.675258e-10		5.433132e-11
1.72238		1.627690e-10		5.098417e-11
1.72465		1.629256e-10		5.079130e-11
1.72693		1.697067e-10		5.510843e-11
1.72920		1.606446e-10		5.334652e-11
1.73147		1.629249e-10		5.504273e-11
1.73374		1.659938e-10		5.402884e-11
1.73602		1.733895e-10		5.123873e-11
1.73829		1.577895e-10		4.760697e-11
1.74056		1.570759e-10		4.938419e-11
1.74283		1.555851e-10		4.930855e-11
1.74511		1.534736e-10		4.887975e-11
1.74738		1.595093e-10		4.843910e-11
1.74965		1.527580e-10		4.817520e-11
1.75192		1.543920e-10		4.778833e-11
1.75419		1.470475e-10		4.602582e-11
1.75647		1.609383e-10		4.779212e-11
1.75874		1.577487e-10		4.810123e-11
1.76101		1.481341e-10		5.043316e-11
1.76328		1.531977e-10		4.621295e-11
1.76556		1.499387e-10		4.719194e-11
1.76783		1.432628e-10		4.685426e-11
1.77010		1.452607e-10		4.585601e-11
1.77237		1.540427e-10		4.623014e-11
1.77464		1.483540e-10		4.629594e-11
1.77692		1.486968e-10		4.513813e-11
1.77919		1.373282e-10		4.440529e-11
1.78146		1.361272e-10		4.491467e-11
1.78373		1.435658e-10		4.295686e-11
1.78601		1.427203e-10		4.174189e-11
1.78828		1.397258e-10		4.698493e-11
1.79055		1.413475e-10		4.218260e-11
1.79282		1.379383e-10		4.421428e-11
1.79510		1.290349e-10		4.183952e-11
1.79737		1.459006e-10		4.127882e-11
1.79964		1.392044e-10		4.394406e-11
1.80191		1.414636e-10		4.665420e-11
1.80418		1.416217e-10		4.014151e-11
1.80646		1.401983e-10		4.270067e-11
1.80873		1.347362e-10		4.165193e-11
1.81100		1.302908e-10		4.220717e-11
1.81327		1.305179e-10		4.331855e-11
1.81555		1.346931e-10		4.555716e-11
1.81782		1.256650e-10		4.149789e-11
1.82009		1.300692e-10		3.798422e-11
1.82236		1.260819e-10		4.179045e-11
1.82463		1.285222e-10		4.041515e-11
1.82691		1.308672e-10		4.353843e-11
1.82918		1.270349e-10		3.817880e-11
1.83145		1.278744e-10		3.928481e-11
1.83372		1.250322e-10		4.328313e-11
1.83600		1.235660e-10		4.153556e-11
1.83827		1.208140e-10		3.976869e-11
1.84054		1.201096e-10		4.105464e-11
1.84281		1.211264e-10		3.912353e-11
1.84509		1.150687e-10		3.703257e-11
1.84736		1.233581e-10		3.621711e-11
1.84963		1.169199e-10		3.880600e-11
1.85190		1.162211e-10		3.741018e-11
1.85417		1.181252e-10		3.464913e-11
1.85645		1.110488e-10		3.730848e-11
1.85872		1.064568e-10		3.657222e-11
1.86099		1.143270e-10		3.137933e-11
1.86326		1.161714e-10		3.532961e-11
1.86554		1.165693e-10		3.615699e-11
1.86781		1.066864e-10		3.729397e-11
1.87008		1.060716e-10		3.577608e-11
1.87235		1.181684e-10		3.526655e-11
1.87462		1.026866e-10		3.606525e-11
1.87690		1.071044e-10		3.568269e-11
1.87917		1.061822e-10		3.360654e-11
1.88144		1.140209e-10		3.504672e-11
1.88371		1.038683e-10		3.318418e-11
1.88599		1.064544e-10		3.143923e-11
1.88826		1.065345e-10		3.459366e-11
1.89053		1.039344e-10		3.239293e-11
1.89280		9.970300e-11		3.279134e-11
1.89508		9.976879e-11		3.504191e-11
1.89735		1.036072e-10		3.336417e-11
1.89962		1.040928e-10		3.068786e-11
1.90189		9.970687e-11		3.316734e-11
1.90416		9.798729e-11		3.075358e-11
1.90644		9.419843e-11		3.218581e-11
1.90871		9.389784e-11		3.354508e-11
1.91098		9.804028e-11		3.200974e-11
1.91325		9.213269e-11		3.378173e-11
1.91553		9.585573e-11		3.019123e-11
1.91780		9.425513e-11		2.852323e-11
1.92007		9.387927e-11		2.913849e-11
1.92234		9.360617e-11		2.923231e-11
1.92461		9.173442e-11		2.937689e-11
1.92689		8.605796e-11		2.995812e-11
1.92916		8.703201e-11		2.982980e-11
1.93143		8.890477e-11		2.784118e-11
1.93370		8.865367e-11		2.598172e-11
1.93598		8.508107e-11		2.676946e-11
1.93825		8.523676e-11		2.780458e-11
1.94052		8.591629e-11		2.867611e-11
1.94279		8.358137e-11		2.374536e-11
1.94507		8.645901e-11		2.763269e-11
1.94734		8.288359e-11		2.677519e-11
1.94961		8.066133e-11		2.663710e-11
1.95188		8.202247e-11		2.465096e-11
1.95415		7.496918e-11		2.459916e-11
1.95643		7.650944e-11		2.475672e-11
1.95870		7.658358e-11		2.249412e-11
1.96097		7.271259e-11		2.558666e-11
1.96324		7.379740e-11		2.334227e-11
1.96552		7.298953e-11		2.552938e-11
1.96779		7.131275e-11		2.448058e-11
1.97006		7.159280e-11		2.327912e-11
1.97233		7.298739e-11		2.424911e-11
1.97460		6.658554e-11		2.373209e-11
1.97688		7.086206e-11		2.314722e-11
1.97915		7.174709e-11		2.261591e-11
1.98142		7.040033e-11		2.352534e-11
1.98369		6.743249e-11		2.302692e-11
1.98597		6.558194e-11		2.309133e-11
1.98824		6.460293e-11		2.014015e-11
1.99051		5.988280e-11		2.120017e-11
1.99278		6.362416e-11		2.016750e-11
1.99506		6.470663e-11		2.065167e-11
1.99733		6.459150e-11		2.141342e-11
1.99960		6.252794e-11		2.253435e-11
2.00187		6.347825e-11		2.087917e-11
2.00414		6.322524e-11		2.002866e-11
2.00642		5.889941e-11		2.013186e-11
2.00869		5.850931e-11		2.024012e-11
2.01096		5.796571e-11		1.861808e-11
2.01323		5.327992e-11		1.750251e-11
2.01551		5.638654e-11		2.033533e-11
2.01778		5.553654e-11		1.927237e-11
2.02005		5.501241e-11		1.790505e-11
2.02232		5.031536e-11		1.935516e-11
2.02459		5.129270e-11		1.701389e-11
2.02687		5.250005e-11		1.775295e-11
2.02914		5.032891e-11		1.717233e-11
2.03141		5.194782e-11		1.751457e-11
2.03368		4.962198e-11		1.731645e-11
2.03596		4.710675e-11		1.656726e-11
2.03823		4.764405e-11		1.521540e-11
2.04050		4.327675e-11		1.600444e-11
2.04277		4.363756e-11		1.649781e-11
2.04505		4.431775e-11		1.762266e-11
2.04732		4.397128e-11		1.432727e-11
2.04959		4.222418e-11		1.437251e-11
2.05186		4.046141e-11		1.483864e-11
2.05413		3.925537e-11		1.464123e-11
2.05641		4.132142e-11		1.336766e-11
2.05868		3.814880e-11		1.523130e-11
2.06095		3.791072e-11		1.503000e-11
2.06322		3.813615e-11		1.457152e-11
2.06550		3.729515e-11		1.292724e-11
2.06777		3.514710e-11		1.524912e-11
2.07004		3.676952e-11		1.229967e-11
2.07231		3.317919e-11		1.333564e-11
2.07458		3.094537e-11		1.180030e-11
2.07686		3.189094e-11		1.187690e-11
2.07913		3.231601e-11		1.269996e-11
2.08140		3.054073e-11		1.388960e-11
2.08367		3.020865e-11		1.247832e-11
2.08595		2.832273e-11		1.192387e-11
2.08822		2.636629e-11		1.066198e-11
2.09049		2.571921e-11		1.130431e-11
2.09276		2.608638e-11		1.146001e-11
2.09504		2.678059e-11		1.095214e-11
2.09731		2.513641e-11		9.866654e-12
2.09958		2.438579e-11		9.798605e-12
2.10185		2.203322e-11		9.872754e-12
2.10412		2.028452e-11		9.298250e-12
2.10640		2.134681e-11		8.874194e-12
2.10867		2.042491e-11		9.073943e-12
2.11094		1.880041e-11		9.514455e-12
2.11321		1.774729e-11		8.021596e-12
2.11549		1.675630e-11		9.410615e-12
2.11776		1.603521e-11		7.946943e-12
2.12003		1.486520e-11		8.670857e-12
2.12230		1.439659e-11		8.300495e-12
2.12457		1.362203e-11		7.547544e-12
2.12685		1.286024e-11		8.631615e-12
2.12912		1.325378e-11		8.864129e-12
2.13139		1.156651e-11		8.019573e-12
2.13366		9.965019e-12		8.553878e-12
2.13594		1.002730e-11		7.554684e-12
2.13821		1.022425e-11		7.530133e-12
2.14048		7.046576e-12		7.543280e-12
2.14275		7.118279e-12		6.986471e-12
2.14503		6.178081e-12		7.425324e-12
2.14730		5.826679e-12		7.189689e-12
2.14957		3.689873e-12		7.198288e-12
2.15184		4.111407e-12		7.091056e-12
2.15411		1.507251e-12		6.950526e-12
2.15639		8.989032e-13		7.316299e-12
2.15866		3.244351e-13		6.159893e-12
2.16093		-1.825163e-13		7.014203e-12
2.16320		2.174475e-13		6.809828e-12
2.16548		-5.233021e-13		6.488670e-12
2.16775		7.061618e-13		7.135792e-12
2.17002		6.433846e-13		7.000285e-12
2.17229		-1.372274e-14		7.519314e-12
2.17456		2.188872e-13		6.952738e-12
2.17684		-5.099229e-13		6.899920e-12
2.17911		-4.959120e-13		7.322709e-12
2.18138		-1.862352e-12		6.850046e-12
2.18365		-4.323405e-15		7.167444e-12
2.18593		-6.291610e-13		6.678109e-12
2.18820		1.568491e-13		7.699972e-12
2.19047		7.398749e-13		6.608971e-12
2.19274		2.317083e-13		7.425540e-12
2.19502		-8.073848e-13		6.961472e-12
2.19729		1.419821e-12		7.265812e-12
2.19956		-3.972405e-13		6.893094e-12
2.20183		-4.196228e-14		6.984502e-12
2.20410		3.452047e-13		6.941599e-12
2.20638		1.137057e-12		7.388430e-12
2.20865		7.701480e-13		7.128735e-12
2.21092		-2.886322e-13		7.280333e-12
2.21319		-1.666578e-13		6.744986e-12
2.21547		1.435890e-14		7.622394e-12
2.21774		1.176912e-12		7.946876e-12
2.22001		-1.084353e-13		7.308761e-12
2.22228		-3.578868e-13		6.623398e-12
2.22455		-2.410563e-13		6.871715e-12
2.22683		-5.448835e-13		7.674851e-12
2.22910		-9.932822e-13		7.181641e-12
2.23137		-6.050217e-13		6.888741e-12
2.23364		-9.626201e-14		7.109205e-12
2.23592		-1.390418e-12		7.236486e-12
2.23819		-7.707619e-13		6.986863e-12
2.24046		-6.837767e-13		7.256513e-12
2.24273		5.484393e-13		6.948776e-12
2.24501		2.797001e-13		6.359103e-12
2.24728		-1.012693e-12		6.398830e-12
2.24955		-7.017655e-13		7.227118e-12
2.25182		-1.102248e-12		6.816516e-12
2.25409		-1.722303e-12		6.749757e-12
2.25637		6.402399e-13		7.347822e-12
2.25864		-2.305721e-13		6.970744e-12
2.26091		-4.036193e-14		7.081517e-12
2.26318		-7.095637e-13		6.934875e-12
2.26546		2.411778e-13		7.089463e-12
2.26773		-1.863207e-13		6.644359e-12
2.27000		4.673847e-13		7.580197e-12

Total data points: 1000
